// model size: 200 x 200 x 200
// materials used: ['lib_cube.png']
NVERTS 8
NFACES 12

VERTEX
100 -100 -100
-100 -100 -100
100 -100 100
100 100 -100
-100 -100 100
100 100 100
-100 100 100
-100 100 -100

FACES
0 0 0	0 0 0	3	0 1 2
0 0 0	0 0 0	3	0 3 1
0 0 0	0 0 0	3	2 1 4
0 0 0	0 0 0	3	2 3 0
0 0 0	0 0 0	3	2 5 3
0 0 0	0 0 0	3	2 6 5
0 0 0	0 0 0	3	4 6 2
0 0 0	0 0 0	3	1 6 4
0 0 0	0 0 0	3	1 7 6
0 0 0	0 0 0	3	3 7 1
0 0 0	0 0 0	3	5 6 3
0 0 0	0 0 0	3	6 7 3

TEXTURES
0	1.0 1.0	1 0	0 0	1 1
0	1.0 1.0	1 1	1 0	0 1
0	1.0 1.0	1 1	0 0	0 1
0	1.0 1.0	1 1	0 0	0 1
0	1.0 1.0	1 1	1 0	0 0
0	1.0 1.0	0 1	1 0	0 0
0	1.0 1.0	1 1	1 0	0 1
0	1.0 1.0	1 1	0 0	0 1
0	1.0 1.0	1 1	1 0	0 0
0	1.0 1.0	1 0	0 0	0 1
0	1.0 1.0	0 1	1 1	0 0
0	1.0 1.0	1 1	1 0	0 0

NAMES 1
lib_cube.png

NORMALS
0.57735 -0.57735 -0.57735
-0.57735 -0.57735 -0.57735
0.57735 -0.57735 0.57735
0.57735 0.57735 -0.57735
-0.57735 -0.57735 0.57735
0.57735 0.57735 0.57735
-0.57735 0.57735 0.57735
-0.57735 0.57735 -0.57735

END
