// ccl_laser.dat rescaled by a factor of 3.0

NVERTS 32
NFACES 60

VERTEX
-0.348000, 0.00000,-7.32192
-0.321510,-0.13317,-7.32192
-0.246060,-0.24606,-7.32192
-0.133170,-0.32151,-7.32192
-0.000000,-0.34800,-7.32192
 0.133170,-0.32151,-7.32192
 0.246060,-0.24606,-7.32192
 0.321510,-0.13317,-7.32192
 0.348000, 0.00000,-7.32192
 0.321510, 0.13317,-7.32192
 0.246060, 0.24606,-7.32192
 0.133170, 0.32151,-7.32192
 0.000000, 0.34800,-7.32192
-0.133170, 0.32151,-7.32192
-0.246060, 0.24606,-7.32192
-0.321510, 0.13317,-7.32192
-0.348000,-0.00000,7.32192
-0.321510,-0.13317,7.32192
-0.246060,-0.24606,7.32192
-0.133170,-0.32151,7.32192
-0.000000,-0.34800,7.32192
 0.133170,-0.32151,7.32192
 0.246060,-0.24606,7.32192
 0.321510,-0.13317,7.32192
 0.348000,-0.00000,7.32192
 0.321510, 0.13317,7.32192
 0.246060, 0.24606,7.32192
 0.133170, 0.32151,7.32192
 0.000000, 0.34800,7.32192
-0.133170, 0.32151,7.32192
-0.246060, 0.24606,7.32192
-0.321510, 0.13317,7.32192


FACES
127,127,127,	-0.00000,0.00000,1.00000,	3,	0,8,1
128,127,127,	-0.98079,0.19509,-0.00000,	3,	0,16,15
129,127,127,	-0.00000,0.00000,1.00000,	3,	1,7,2
130,127,127,	-0.98079,-0.19509,0.00000,	3,	1,16,0
131,127,127,	-0.83147,-0.55557,-0.00000,	3,	1,18,17
132,127,127,	-0.00000,0.00000,1.00000,	3,	2,6,3
133,127,127,	-0.83147,-0.55557,-0.00000,	3,	2,18,1
134,127,127,	-0.00000,0.00000,1.00000,	3,	3,5,4
135,127,127,	-0.55557,-0.83147,0.00000,	3,	3,18,2
136,127,127,	-0.19509,-0.98079,-0.00000,	3,	3,20,19
137,127,127,	-0.19509,-0.98079,-0.00000,	3,	4,20,3
138,127,127,	-0.00000,-0.00000,1.00000,	3,	5,3,6
139,127,127,	0.19509,-0.98079,-0.00000,	3,	5,20,4
140,127,127,	0.55557,-0.83147,-0.00000,	3,	5,22,21
141,127,127,	-0.00000,-0.00000,1.00000,	3,	6,2,7
142,127,127,	0.55557,-0.83147,-0.00000,	3,	6,22,5
143,127,127,	-0.00000,-0.00000,1.00000,	3,	7,1,8
144,127,127,	0.83147,-0.55557,-0.00000,	3,	7,22,6
145,127,127,	0.98079,-0.19509,-0.00000,	3,	7,24,23
146,127,127,	-0.00000,-0.00000,1.00000,	3,	8,0,9
147,127,127,	0.98079,-0.19509,0.00000,	3,	8,24,7
148,127,127,	-0.00000,-0.00000,1.00000,	3,	9,15,10
149,127,127,	0.98079,0.19509,-0.00000,	3,	9,24,8
150,127,127,	0.83147,0.55557,-0.00000,	3,	9,26,25
151,127,127,	-0.00000,-0.00000,1.00000,	3,	10,14,11
152,127,127,	0.83147,0.55557,0.00000,	3,	10,26,9
153,127,127,	-0.00000,-0.00000,1.00000,	3,	11,13,12
154,127,127,	0.55557,0.83147,-0.00000,	3,	11,26,10
155,127,127,	0.19509,0.98079,-0.00000,	3,	11,28,27
156,127,127,	0.19509,0.98079,0.00000,	3,	12,28,11
157,127,127,	-0.00000,0.00000,1.00000,	3,	13,11,14
158,127,127,	-0.19509,0.98079,-0.00000,	3,	13,28,12
159,127,127,	-0.55557,0.83147,-0.00000,	3,	13,30,29
160,127,127,	-0.00000,0.00000,1.00000,	3,	14,10,15
161,127,127,	-0.55557,0.83147,-0.00000,	3,	14,30,13
162,127,127,	-0.00000,0.00000,1.00000,	3,	15,9,0
163,127,127,	-0.98079,0.19509,-0.00000,	3,	15,16,31
164,127,127,	-0.83147,0.55557,-0.00000,	3,	15,30,14
165,127,127,	0.00000,0.00000,-1.00000,	3,	16,24,31
166,127,127,	-0.98079,-0.19509,-0.00000,	3,	17,16,1
167,127,127,	-0.00000,0.00000,-1.00000,	3,	17,23,16
168,127,127,	-0.00000,0.00000,-1.00000,	3,	18,22,17
169,127,127,	-0.55557,-0.83147,-0.00000,	3,	19,18,3
170,127,127,	-0.00000,0.00000,-1.00000,	3,	19,21,18
171,127,127,	-0.00000,0.00000,-1.00000,	3,	20,21,19
172,127,127,	0.19509,-0.98079,-0.00000,	3,	21,20,5
173,127,127,	-0.00000,-0.00000,-1.00000,	3,	22,18,21
174,127,127,	-0.00000,-0.00000,-1.00000,	3,	23,17,22
175,127,127,	0.83147,-0.55557,-0.00000,	3,	23,22,7
176,127,127,	-0.00000,-0.00000,-1.00000,	3,	24,16,23
177,127,127,	0.98079,0.19509,-0.00000,	3,	25,24,9
178,127,127,	-0.00000,-0.00000,-1.00000,	3,	25,31,24
179,127,127,	-0.00000,-0.00000,-1.00000,	3,	26,30,25
180,127,127,	0.55557,0.83147,-0.00000,	3,	27,26,11
181,127,127,	-0.00000,-0.00000,-1.00000,	3,	27,29,26
182,127,127,	0.00000,-0.00000,-1.00000,	3,	28,29,27
183,127,127,	-0.19509,0.98079,-0.00000,	3,	29,28,13
184,127,127,	-0.00000,0.00000,-1.00000,	3,	30,26,29
185,127,127,	-0.00000,0.00000,-1.00000,	3,	31,25,30
186,127,127,	-0.83147,0.55557,-0.00000,	3,	31,30,15

TEXTURES
lib_ms_laser.png	1.0 1.0	1.00000 0.50000	0.00000 0.50000	0.96194 0.69134
lib_ms_laser.png	1.0 1.0	0.00000 0.50000	1.00000 0.50000	0.00000 0.49091
lib_ms_laser.png	1.0 1.0	0.96194 0.69134	0.03806 0.69134	0.85355 0.85355
lib_ms_laser.png	1.0 1.0	0.00000 0.50909	1.00000 0.50000	0.00000 0.50000
lib_ms_laser.png	1.0 1.0	0.00000 0.50909	1.00000 0.51680	1.00000 0.50909
lib_ms_laser.png	1.0 1.0	0.85355 0.85355	0.14645 0.85355	0.69134 0.96194
lib_ms_laser.png	1.0 1.0	0.00000 0.51680	1.00000 0.51680	0.00000 0.50909
lib_ms_laser.png	1.0 1.0	0.69134 0.96194	0.30866 0.96194	0.50000 1.00000
lib_ms_laser.png	1.0 1.0	0.49091 1.00000	0.48320 0.00000	0.48320 1.00000
lib_ms_laser.png	1.0 1.0	0.49091 1.00000	0.50000 0.00000	0.49091 0.00000
lib_ms_laser.png	1.0 1.0	0.50000 1.00000	0.50000 0.00000	0.49091 1.00000
lib_ms_laser.png	1.0 1.0	0.30866 0.96194	0.69134 0.96194	0.14645 0.85355
lib_ms_laser.png	1.0 1.0	0.50909 1.00000	0.50000 0.00000	0.50000 1.00000
lib_ms_laser.png	1.0 1.0	0.50909 1.00000	0.51680 0.00000	0.50909 0.00000
lib_ms_laser.png	1.0 1.0	0.14645 0.85355	0.85355 0.85355	0.03806 0.69134
lib_ms_laser.png	1.0 1.0	0.51680 1.00000	0.51680 0.00000	0.50909 1.00000
lib_ms_laser.png	1.0 1.0	0.03806 0.69134	0.96194 0.69134	0.00000 0.50000
lib_ms_laser.png	1.0 1.0	1.00000 0.50909	0.00000 0.51680	1.00000 0.51680
lib_ms_laser.png	1.0 1.0	1.00000 0.50909	0.00000 0.50000	0.00000 0.50909
lib_ms_laser.png	1.0 1.0	0.00000 0.50000	1.00000 0.50000	0.03806 0.30866
lib_ms_laser.png	1.0 1.0	1.00000 0.50000	0.00000 0.50000	1.00000 0.50909
lib_ms_laser.png	1.0 1.0	0.03806 0.30866	0.96194 0.30866	0.14645 0.14645
lib_ms_laser.png	1.0 1.0	1.00000 0.49091	0.00000 0.50000	1.00000 0.50000
lib_ms_laser.png	1.0 1.0	1.00000 0.49091	0.00000 0.48320	0.00000 0.49091
lib_ms_laser.png	1.0 1.0	0.14645 0.14645	0.85355 0.14645	0.30866 0.03806
lib_ms_laser.png	1.0 1.0	1.00000 0.48320	0.00000 0.48320	1.00000 0.49091
lib_ms_laser.png	1.0 1.0	0.30866 0.03806	0.69134 0.03806	0.50000 0.00000
lib_ms_laser.png	1.0 1.0	0.49091 1.00000	0.48320 0.00000	0.48320 1.00000
lib_ms_laser.png	1.0 1.0	0.49091 1.00000	0.50000 0.00000	0.49091 0.00000
lib_ms_laser.png	1.0 1.0	0.50000 1.00000	0.50000 0.00000	0.49091 1.00000
lib_ms_laser.png	1.0 1.0	0.69134 0.03806	0.30866 0.03806	0.85355 0.14645
lib_ms_laser.png	1.0 1.0	0.50909 1.00000	0.50000 0.00000	0.50000 1.00000
lib_ms_laser.png	1.0 1.0	0.50909 1.00000	0.51680 0.00000	0.50909 0.00000
lib_ms_laser.png	1.0 1.0	0.85355 0.14645	0.14645 0.14645	0.96194 0.30866
lib_ms_laser.png	1.0 1.0	0.51680 1.00000	0.51680 0.00000	0.50909 1.00000
lib_ms_laser.png	1.0 1.0	0.96194 0.30866	0.03806 0.30866	1.00000 0.50000
lib_ms_laser.png	1.0 1.0	0.00000 0.49091	1.00000 0.50000	1.00000 0.49091
lib_ms_laser.png	1.0 1.0	0.00000 0.49091	1.00000 0.48320	0.00000 0.48320
lib_ms_laser.png	1.0 1.0	0.00000 0.50000	1.00000 0.50000	0.03806 0.30866
lib_ms_laser.png	1.0 1.0	1.00000 0.50909	1.00000 0.50000	0.00000 0.50909
lib_ms_laser.png	1.0 1.0	0.03806 0.69134	0.96194 0.69134	0.00000 0.50000
lib_ms_laser.png	1.0 1.0	0.14645 0.85355	0.85355 0.85355	0.03806 0.69134
lib_ms_laser.png	1.0 1.0	0.49091 0.00000	0.48320 0.00000	0.49091 1.00000
lib_ms_laser.png	1.0 1.0	0.30866 0.96194	0.69134 0.96194	0.14645 0.85355
lib_ms_laser.png	1.0 1.0	0.50000 1.00000	0.69134 0.96194	0.30866 0.96194
lib_ms_laser.png	1.0 1.0	0.50909 0.00000	0.50000 0.00000	0.50909 1.00000
lib_ms_laser.png	1.0 1.0	0.85355 0.85355	0.14645 0.85355	0.69134 0.96194
lib_ms_laser.png	1.0 1.0	0.96194 0.69134	0.03806 0.69134	0.85355 0.85355
lib_ms_laser.png	1.0 1.0	0.00000 0.50909	0.00000 0.51680	1.00000 0.50909
lib_ms_laser.png	1.0 1.0	1.00000 0.50000	0.00000 0.50000	0.96194 0.69134
lib_ms_laser.png	1.0 1.0	0.00000 0.49091	0.00000 0.50000	1.00000 0.49091
lib_ms_laser.png	1.0 1.0	0.96194 0.30866	0.03806 0.30866	1.00000 0.50000
lib_ms_laser.png	1.0 1.0	0.85355 0.14645	0.14645 0.14645	0.96194 0.30866
lib_ms_laser.png	1.0 1.0	0.49091 0.00000	0.48320 0.00000	0.49091 1.00000
lib_ms_laser.png	1.0 1.0	0.69134 0.03806	0.30866 0.03806	0.85355 0.14645
lib_ms_laser.png	1.0 1.0	0.50000 0.00000	0.30866 0.03806	0.69134 0.03806
lib_ms_laser.png	1.0 1.0	0.50909 0.00000	0.50000 0.00000	0.50909 1.00000
lib_ms_laser.png	1.0 1.0	0.14645 0.14645	0.85355 0.14645	0.30866 0.03806
lib_ms_laser.png	1.0 1.0	0.03806 0.30866	0.96194 0.30866	0.14645 0.14645
lib_ms_laser.png	1.0 1.0	1.00000 0.49091	1.00000 0.48320	0.00000 0.49091

END
