// Converted by Obj2DatTexNorm.py Wavefront OBJ file conversion script
// (c) 2005-2013 By Giles Williams and Jens Ayton
// 
// original file: "sphere01.obj"
// 
// model size: 104.003 x 104.003 x 104.003
// 
// materials used: ['lib_moon.png']
// 
NVERTS 559
NFACES 960

VERTEX
-0.001 0.001 52.00058
-0.001 10.146 51.00138
1.97819 9.95107 51.00138
-0.001 0.001 52.00058
3.88133 9.37376 51.00138
-0.001 0.001 52.00058
5.63526 8.43626 51.00138
-0.001 0.001 52.00058
7.1726 7.1746 51.00138
-0.001 0.001 52.00058
8.43426 5.63726 51.00138
-0.001 0.001 52.00058
9.37176 3.88332 51.00138
-0.001 0.001 52.00058
9.94907 1.98019 51.00138
-0.001 0.001 52.00058
10.144 0.001 51.00138
-0.001 0.001 52.00058
9.94907 -1.97819 51.00138
-0.001 0.001 52.00058
9.37176 -3.88133 51.00138
-0.001 0.001 52.00058
8.43426 -5.63527 51.00138
-0.001 0.001 52.00058
7.1726 -7.1726 51.00138
-0.001 0.001 52.00058
5.63526 -8.43427 51.00138
-0.001 0.001 52.00058
3.88132 -9.37176 51.00138
-0.001 0.001 52.00058
1.97819 -9.94908 51.00138
-0.001 0.001 52.00058
-0.001 -10.14401 51.00138
-0.001 0.001 52.00058
-1.98019 -9.94907 51.00138
-0.001 0.001 52.00058
-3.88333 -9.37176 51.00138
-0.001 0.001 52.00058
-5.63726 -8.43426 51.00138
-0.001 0.001 52.00058
-7.1746 -7.1726 51.00138
-0.001 0.001 52.00058
-8.43627 -5.63526 51.00138
-0.001 0.001 52.00058
-9.37376 -3.88133 51.00138
-0.001 0.001 52.00058
-9.95107 -1.97819 51.00138
-0.001 0.001 52.00058
-10.14601 0.001 51.00138
-0.001 0.001 52.00058
-9.95107 1.98019 51.00138
-0.001 0.001 52.00058
-9.37376 3.88333 51.00138
-0.001 0.001 52.00058
-8.43626 5.63726 51.00138
-0.001 0.001 52.00058
-7.1746 7.1746 51.00138
-0.001 0.001 52.00058
-5.63726 8.43626 51.00138
-0.001 0.001 52.00058
-3.88332 9.37376 51.00138
-0.001 0.001 52.00058
-1.98019 9.95107 51.00138
-0.001 0.001 52.00058
-0.001 10.146 51.00138
-0.001 19.90114 48.04219
3.88133 19.51876 48.04219
7.61446 18.38633 48.04219
11.05493 16.54736 48.04219
14.07053 14.07252 48.04219
16.54536 11.05692 48.04219
18.38434 7.61645 48.04219
19.51677 3.88332 48.04219
19.89914 0.001 48.04219
19.51677 -3.88133 48.04219
18.38434 -7.61446 48.04219
16.54536 -11.05493 48.04219
14.07052 -14.07053 48.04219
11.05493 -16.54537 48.04219
7.61445 -18.38434 48.04219
3.88132 -19.51677 48.04219
-0.001 -19.89915 48.04219
-3.88333 -19.51677 48.04219
-7.61646 -18.38434 48.04219
-11.05693 -16.54536 48.04219
-14.07253 -14.07053 48.04219
-16.54736 -11.05493 48.04219
-18.38633 -7.61445 48.04219
-19.51877 -3.88132 48.04219
-19.90114 0.001 48.04219
-19.51877 3.88333 48.04219
-18.38633 7.61646 48.04219
-16.54736 11.05693 48.04219
-14.07252 14.07253 48.04219
-11.05692 16.54736 48.04219
-7.61645 18.38633 48.04219
-3.88332 19.51876 48.04219
-0.001 19.90114 48.04219
-0.001 28.89153 43.23673
5.63526 28.3364 43.23673
11.05493 26.69237 43.23673
16.04972 24.02259 43.23673
20.42769 20.42969 43.23673
24.0206 16.05171 43.23673
26.69037 11.05692 43.23673
28.33441 5.63726 43.23673
28.88953 0.001 43.23673
28.33441 -5.63527 43.23673
26.69037 -11.05493 43.23673
24.0206 -16.04972 43.23673
20.42769 -20.42769 43.23673
16.04972 -24.0206 43.23673
11.05492 -26.69037 43.23673
5.63526 -28.33441 43.23673
-0.001 -28.88953 43.23673
-5.63727 -28.33441 43.23673
-11.05693 -26.69037 43.23673
-16.05172 -24.0206 43.23673
-20.42969 -20.42769 43.23673
-24.0226 -16.04972 43.23673
-26.69237 -11.05492 43.23673
-28.33641 -5.63526 43.23673
-28.89153 0.001 43.23673
-28.3364 5.63727 43.23673
-26.69237 11.05693 43.23673
-24.02259 16.05172 43.23673
-20.42969 20.42969 43.23673
-16.05171 24.0226 43.23673
-11.05692 26.69237 43.23673
-5.63726 28.3364 43.23673
-0.001 28.89153 43.23673
-0.001 36.77167 36.76967
7.1726 36.06513 36.76967
14.07053 33.97267 36.76967
20.42769 30.57469 36.76967
25.99979 26.00179 36.76967
30.5727 20.42969 36.76967
33.97067 14.07252 36.76967
36.06313 7.1746 36.76967
36.76967 0.001 36.76967
36.06313 -7.17261 36.76967
33.97067 -14.07053 36.76967
30.57269 -20.4277 36.76967
25.99979 -25.9998 36.76967
20.42769 -30.5727 36.76967
14.07052 -33.97067 36.76967
7.1726 -36.06313 36.76967
-0.00101 -36.76967 36.76967
-7.17461 -36.06313 36.76967
-14.07253 -33.97067 36.76967
-20.42969 -30.57269 36.76967
-26.0018 -25.99979 36.76967
-30.5747 -20.42769 36.76967
-33.97267 -14.07052 36.76967
-36.06514 -7.1726 36.76967
-36.77167 0.00101 36.76967
-36.06513 7.17461 36.76967
-33.97267 14.07253 36.76967
-30.57469 20.42969 36.76967
-26.00179 26.0018 36.76967
-20.42968 30.5747 36.76967
-14.07252 33.97268 36.76967
-7.17459 36.06514 36.76967
-0.001 36.77167 36.76967
-0.001 43.23873 28.88953
8.43426 42.40793 28.88953
16.54537 39.94745 28.88953
24.0206 35.95186 28.88953
30.5727 30.57469 28.88953
35.94986 24.02259 28.88953
39.94546 16.54736 28.88953
42.40593 8.43626 28.88953
43.23673 0.001 28.88953
42.40593 -8.43427 28.88953
39.94545 -16.54537 28.88953
35.94986 -24.0206 28.88953
30.57269 -30.5727 28.88953
24.02059 -35.94986 28.88953
16.54536 -39.94546 28.88953
8.43426 -42.40593 28.88953
-0.00101 -43.23673 28.88953
-8.43627 -42.40593 28.88953
-16.54737 -39.94545 28.88953
-24.0226 -35.94986 28.88953
-30.5747 -30.57269 28.88953
-35.95186 -24.02059 28.88953
-39.94746 -16.54536 28.88953
-42.40793 -8.43426 28.88953
-43.23873 0.00101 28.88953
-42.40793 8.43627 28.88953
-39.94745 16.54737 28.88953
-35.95186 24.0226 28.88953
-30.57469 30.5747 28.88953
-24.02259 35.95187 28.88953
-16.54736 39.94746 28.88953
-8.43625 42.40793 28.88953
-0.001 43.23873 28.88953
-0.001 48.04419 19.89914
9.37176 47.12106 19.89914
18.38434 44.38712 19.89914
26.69037 39.94745 19.89914
33.97067 33.97266 19.89914
39.94546 26.69237 19.89914
44.38512 18.38633 19.89914
47.11906 9.37376 19.89914
48.04219 0.001 19.89914
47.11906 -9.37177 19.89914
44.38512 -18.38434 19.89914
39.94545 -26.69037 19.89914
33.97066 -33.97067 19.89914
26.69036 -39.94546 19.89914
18.38433 -44.38513 19.89914
9.37176 -47.11906 19.89914
-0.00101 -48.04219 19.89914
-9.37377 -47.11906 19.89914
-18.38634 -44.38512 19.89914
-26.69237 -39.94545 19.89914
-33.97267 -33.97066 19.89914
-39.94746 -26.69036 19.89914
-44.38713 -18.38433 19.89914
-47.12106 -9.37176 19.89914
-48.04419 0.00101 19.89914
-47.12106 9.37377 19.89914
-44.38712 18.38634 19.89914
-39.94745 26.69237 19.89914
-33.97266 33.97268 19.89914
-26.69236 39.94746 19.89914
-18.38632 44.38713 19.89914
-9.37375 47.12106 19.89914
-0.001 48.04419 19.89914
-0.001 51.00338 10.14401
9.94907 50.02339 10.14401
19.51677 47.12106 10.14401
28.33441 42.40793 10.144
36.06313 36.06513 10.144
42.40593 28.3364 10.144
47.11906 19.51876 10.144
50.02139 9.95107 10.144
51.00138 0.001 10.144
50.02139 -9.94908 10.144
47.11906 -19.51677 10.144
42.40593 -28.33441 10.144
36.06313 -36.06314 10.144
28.3344 -42.40594 10.144
19.51676 -47.11906 10.144
9.94906 -50.02139 10.144
-0.00101 -51.00138 10.144
-9.95108 -50.02139 10.144
-19.51877 -47.11906 10.144
-28.33641 -42.40593 10.144
-36.06514 -36.06313 10.144
-42.40794 -28.3344 10.144
-47.12106 -19.51676 10.144
-50.02339 -9.94906 10.144
-51.00338 0.00101 10.144
-50.02338 9.95108 10.144
-47.12106 19.51878 10.144
-42.40793 28.33641 10.144
-36.06513 36.06514 10.144
-28.3364 42.40794 10.144
-19.51876 47.12106 10.14401
-9.95106 50.02339 10.14401
-0.001 51.00338 10.14401
-0.001 52.00258 -0.001
10.14401 51.00338 -0.001
19.89915 48.04419 -0.001
28.88953 43.23873 -0.001
36.76967 36.77167 -0.001
43.23674 28.89153 -0.001
48.0422 19.90114 -0.001
51.00138 10.146 -0.001
52.00058 0.001 -0.001
51.00138 -10.14401 -0.001
48.04219 -19.89915 -0.001
43.23673 -28.88953 -0.001
36.76967 -36.76967 -0.001
28.88952 -43.23674 -0.001
19.89914 -48.0422 -0.001
10.144 -51.00138 -0.00101
-0.00101 -52.00058 -0.00101
-10.14601 -51.00138 -0.00101
-19.90115 -48.04219 -0.001
-28.89154 -43.23673 -0.001
-36.77168 -36.76967 -0.001
-43.23873 -28.88952 -0.001
-48.0442 -19.89914 -0.001
-51.00338 -10.144 -0.001
-52.00258 0.00101 -0.001
-51.00338 10.14601 -0.001
-48.04419 19.90115 -0.001
-43.23873 28.89154 -0.001
-36.77166 36.77168 -0.001
-28.89152 43.23874 -0.001
-19.90113 48.0442 -0.001
-10.14599 51.00338 -0.001
-0.001 52.00258 -0.001
-0.001 51.00338 -10.14601
9.94907 50.02339 -10.14601
19.51677 47.12106 -10.14601
28.33441 42.40793 -10.14601
36.06313 36.06513 -10.14601
42.40593 28.3364 -10.14601
47.11906 19.51876 -10.14601
50.02139 9.95107 -10.14601
51.00138 0.001 -10.14601
50.02139 -9.94908 -10.14601
47.11906 -19.51677 -10.14601
42.40593 -28.33441 -10.14601
36.06313 -36.06314 -10.14601
28.3344 -42.40594 -10.14601
19.51676 -47.11906 -10.14601
9.94906 -50.02139 -10.14601
-0.00101 -51.00138 -10.14601
-9.95108 -50.02139 -10.14601
-19.51877 -47.11906 -10.14601
-28.33641 -42.40593 -10.14601
-36.06514 -36.06313 -10.14601
-42.40794 -28.3344 -10.14601
-47.12106 -19.51676 -10.14601
-50.02339 -9.94906 -10.14601
-51.00338 0.00101 -10.14601
-50.02338 9.95108 -10.14601
-47.12106 19.51878 -10.14601
-42.40793 28.33642 -10.14601
-36.06513 36.06514 -10.14601
-28.3364 42.40794 -10.14601
-19.51876 47.12106 -10.14601
-9.95106 50.02339 -10.14601
-0.001 51.00338 -10.14601
-0.001 48.04419 -19.90114
9.37176 47.12106 -19.90114
18.38434 44.38712 -19.90114
26.69037 39.94745 -19.90114
33.97067 33.97266 -19.90114
39.94546 26.69237 -19.90114
44.38512 18.38633 -19.90114
47.11906 9.37376 -19.90114
48.04219 0.001 -19.90114
47.11906 -9.37177 -19.90115
44.38512 -18.38434 -19.90115
39.94545 -26.69037 -19.90115
33.97066 -33.97067 -19.90115
26.69036 -39.94546 -19.90115
18.38433 -44.38513 -19.90115
9.37176 -47.11906 -19.90115
-0.00101 -48.04219 -19.90115
-9.37377 -47.11906 -19.90115
-18.38634 -44.38512 -19.90115
-26.69237 -39.94545 -19.90115
-33.97267 -33.97066 -19.90115
-39.94746 -26.69036 -19.90115
-44.38713 -18.38433 -19.90115
-47.12106 -9.37175 -19.90115
-48.04419 0.00101 -19.90114
-47.12106 9.37377 -19.90114
-44.38712 18.38634 -19.90114
-39.94745 26.69238 -19.90114
-33.97266 33.97268 -19.90114
-26.69236 39.94746 -19.90114
-18.38632 44.38713 -19.90114
-9.37375 47.12106 -19.90114
-0.001 48.04419 -19.90114
-0.001 43.23873 -28.89153
8.43426 42.40793 -28.89153
16.54537 39.94745 -28.89153
24.0206 35.95186 -28.89153
30.5727 30.57469 -28.89153
35.94986 24.0226 -28.89153
39.94546 16.54736 -28.89153
42.40593 8.43626 -28.89153
43.23673 0.001 -28.89153
42.40593 -8.43427 -28.89153
39.94545 -16.54537 -28.89153
35.94986 -24.0206 -28.89153
30.57269 -30.57269 -28.89153
24.02059 -35.94986 -28.89153
16.54536 -39.94546 -28.89153
8.43426 -42.40593 -28.89153
-0.00101 -43.23673 -28.89153
-8.43627 -42.40593 -28.89153
-16.54737 -39.94545 -28.89153
-24.0226 -35.94986 -28.89153
-30.5747 -30.57269 -28.89153
-35.95186 -24.02059 -28.89153
-39.94746 -16.54536 -28.89153
-42.40793 -8.43426 -28.89153
-43.23873 0.00101 -28.89153
-42.40793 8.43627 -28.89153
-39.94745 16.54737 -28.89153
-35.95186 24.02261 -28.89153
-30.57469 30.5747 -28.89153
-24.02259 35.95187 -28.89153
-16.54736 39.94746 -28.89153
-8.43625 42.40793 -28.89153
-0.001 43.23873 -28.89153
-0.001 36.77167 -36.77167
7.1726 36.06513 -36.77167
14.07053 33.97267 -36.77167
20.42769 30.57469 -36.77167
25.99979 26.00179 -36.77167
30.57269 20.42969 -36.77167
33.97067 14.07252 -36.77167
36.06313 7.1746 -36.77167
36.76967 0.001 -36.77167
36.06313 -7.1726 -36.77167
33.97066 -14.07053 -36.77167
30.57269 -20.42769 -36.77167
25.99979 -25.99979 -36.77167
20.42769 -30.57269 -36.77167
14.07052 -33.97066 -36.77168
7.1726 -36.06313 -36.77168
-0.00101 -36.76967 -36.77168
-7.17461 -36.06313 -36.77168
-14.07253 -33.97066 -36.77168
-20.42969 -30.57269 -36.77167
-26.00179 -25.99978 -36.77167
-30.5747 -20.42768 -36.77167
-33.97267 -14.07052 -36.77167
-36.06513 -7.17259 -36.77167
-36.77167 0.00101 -36.77167
-36.06513 7.17461 -36.77167
-33.97266 14.07253 -36.77167
-30.57469 20.42969 -36.77167
-26.00178 26.0018 -36.77167
-20.42968 30.5747 -36.77167
-14.07252 33.97268 -36.77167
-7.17459 36.06514 -36.77167
-0.001 36.77167 -36.77167
-0.001 28.89153 -43.23873
5.63526 28.3364 -43.23873
11.05493 26.69237 -43.23873
16.04972 24.02259 -43.23873
20.42769 20.42969 -43.23873
24.0206 16.05172 -43.23873
26.69037 11.05693 -43.23873
28.3344 5.63726 -43.23873
28.88953 0.001 -43.23873
28.3344 -5.63526 -43.23873
26.69036 -11.05493 -43.23873
24.02059 -16.04972 -43.23873
20.42769 -20.42769 -43.23873
16.04971 -24.0206 -43.23873
11.05492 -26.69036 -43.23873
5.63526 -28.3344 -43.23873
-0.001 -28.88952 -43.23873
-5.63727 -28.3344 -43.23873
-11.05693 -26.69036 -43.23873
-16.05172 -24.02059 -43.23873
-20.42969 -20.42768 -43.23873
-24.0226 -16.04971 -43.23873
-26.69237 -11.05492 -43.23873
-28.3364 -5.63525 -43.23873
-28.89153 0.00101 -43.23873
-28.3364 5.63727 -43.23873
-26.69236 11.05693 -43.23873
-24.02259 16.05172 -43.23873
-20.42968 20.42969 -43.23873
-16.05171 24.0226 -43.23873
-11.05692 26.69237 -43.23873
-5.63726 28.3364 -43.23873
-0.001 28.89153 -43.23873
-0.001 19.90114 -48.0442
3.88132 19.51876 -48.0442
7.61446 18.38633 -48.0442
11.05493 16.54736 -48.0442
14.07052 14.07252 -48.0442
16.54536 11.05693 -48.0442
18.38433 7.61645 -48.0442
19.51676 3.88333 -48.0442
19.89914 0.001 -48.0442
19.51676 -3.88132 -48.0442
18.38433 -7.61445 -48.0442
16.54536 -11.05492 -48.0442
14.07052 -14.07052 -48.0442
11.05492 -16.54536 -48.0442
7.61445 -18.38433 -48.0442
3.88132 -19.51676 -48.0442
-0.001 -19.89914 -48.0442
-3.88333 -19.51676 -48.0442
-7.61646 -18.38433 -48.0442
-11.05693 -16.54536 -48.0442
-14.07253 -14.07052 -48.0442
-16.54736 -11.05492 -48.0442
-18.38633 -7.61445 -48.0442
-19.51876 -3.88132 -48.0442
-19.90114 0.00101 -48.0442
-19.51876 3.88333 -48.0442
-18.38633 7.61646 -48.0442
-16.54736 11.05693 -48.0442
-14.07252 14.07253 -48.0442
-11.05692 16.54736 -48.0442
-7.61645 18.38633 -48.0442
-3.88332 19.51877 -48.0442
-0.001 19.90114 -48.0442
-0.001 10.146 -51.00338
1.97819 9.95107 -51.00338
3.88132 9.37376 -51.00338
5.63526 8.43626 -51.00338
7.1726 7.1746 -51.00338
8.43426 5.63726 -51.00338
9.37176 3.88333 -51.00338
9.94907 1.98019 -51.00338
10.144 0.001 -51.00338
9.94907 -1.97819 -51.00338
9.37176 -3.88132 -51.00338
8.43426 -5.63526 -51.00338
7.1726 -7.1726 -51.00338
5.63526 -8.43426 -51.00338
3.88132 -9.37176 -51.00338
1.97819 -9.94906 -51.00338
-0.001 -10.144 -51.00338
-1.98019 -9.94906 -51.00338
-3.88333 -9.37176 -51.00338
-5.63726 -8.43426 -51.00338
-7.1746 -7.1726 -51.00338
-8.43626 -5.63526 -51.00338
-9.37376 -3.88132 -51.00338
-9.95107 -1.97819 -51.00338
-10.146 0.001 -51.00338
-9.95107 1.98019 -51.00338
-9.37376 3.88333 -51.00338
-8.43626 5.63726 -51.00338
-7.1746 7.1746 -51.00338
-5.63726 8.43626 -51.00338
-3.88332 9.37376 -51.00338
-1.98019 9.95107 -51.00338
-0.001 10.146 -51.00338
-0.001 0.001 -52.00258
-0.001 0.001 -52.00258
-0.001 0.001 -52.00258
-0.001 0.001 -52.00258
-0.001 0.001 -52.00258
-0.001 0.001 -52.00258
-0.001 0.001 -52.00258
-0.001 0.001 -52.00258
-0.001 0.001 -52.00258
-0.001 0.001 -52.00258
-0.001 0.001 -52.00258
-0.001 0.001 -52.00258
-0.001 0.001 -52.00258
-0.001 0.001 -52.00258
-0.001 0.001 -52.00258
-0.001 0.001 -52.00258
-0.001 0.001 -52.00258
-0.001 0.001 -52.00258
-0.001 0.001 -52.00258
-0.001 0.001 -52.00258
-0.001 0.001 -52.00258
-0.001 0.001 -52.00258
-0.001 0.001 -52.00258
-0.001 0.001 -52.00258
-0.001 0.001 -52.00258
-0.001 0.001 -52.00258
-0.001 0.001 -52.00258
-0.001 0.001 -52.00258
-0.001 0.001 -52.00258
-0.001 0.001 -52.00258
-0.001 0.001 -52.00258
-0.001 0.001 -52.00258

FACES
0 0 0	0 0 0	3	0 1 2
0 0 0	0 0 0	3	3 2 4
0 0 0	0 0 0	3	5 4 6
0 0 0	0 0 0	3	7 6 8
0 0 0	0 0 0	3	9 8 10
0 0 0	0 0 0	3	11 10 12
0 0 0	0 0 0	3	13 12 14
0 0 0	0 0 0	3	15 14 16
0 0 0	0 0 0	3	17 16 18
0 0 0	0 0 0	3	19 18 20
0 0 0	0 0 0	3	21 20 22
0 0 0	0 0 0	3	23 22 24
0 0 0	0 0 0	3	25 24 26
0 0 0	0 0 0	3	27 26 28
0 0 0	0 0 0	3	29 28 30
0 0 0	0 0 0	3	31 30 32
0 0 0	0 0 0	3	33 32 34
0 0 0	0 0 0	3	35 34 36
0 0 0	0 0 0	3	37 36 38
0 0 0	0 0 0	3	39 38 40
0 0 0	0 0 0	3	41 40 42
0 0 0	0 0 0	3	43 42 44
0 0 0	0 0 0	3	45 44 46
0 0 0	0 0 0	3	47 46 48
0 0 0	0 0 0	3	49 48 50
0 0 0	0 0 0	3	51 50 52
0 0 0	0 0 0	3	53 52 54
0 0 0	0 0 0	3	55 54 56
0 0 0	0 0 0	3	57 56 58
0 0 0	0 0 0	3	59 58 60
0 0 0	0 0 0	3	61 60 62
0 0 0	0 0 0	3	63 62 64
0 0 0	0 0 0	3	1 65 66
0 0 0	0 0 0	3	1 66 2
0 0 0	0 0 0	3	2 66 67
0 0 0	0 0 0	3	2 67 4
0 0 0	0 0 0	3	4 67 68
0 0 0	0 0 0	3	4 68 6
0 0 0	0 0 0	3	6 68 69
0 0 0	0 0 0	3	6 69 8
0 0 0	0 0 0	3	8 69 70
0 0 0	0 0 0	3	8 70 10
0 0 0	0 0 0	3	10 70 71
0 0 0	0 0 0	3	10 71 12
0 0 0	0 0 0	3	12 71 72
0 0 0	0 0 0	3	12 72 14
0 0 0	0 0 0	3	14 72 73
0 0 0	0 0 0	3	14 73 16
0 0 0	0 0 0	3	16 73 74
0 0 0	0 0 0	3	16 74 18
0 0 0	0 0 0	3	18 74 75
0 0 0	0 0 0	3	18 75 20
0 0 0	0 0 0	3	20 75 76
0 0 0	0 0 0	3	20 76 22
0 0 0	0 0 0	3	22 76 77
0 0 0	0 0 0	3	22 77 24
0 0 0	0 0 0	3	24 77 78
0 0 0	0 0 0	3	24 78 26
0 0 0	0 0 0	3	26 78 79
0 0 0	0 0 0	3	26 79 28
0 0 0	0 0 0	3	28 79 80
0 0 0	0 0 0	3	28 80 30
0 0 0	0 0 0	3	30 80 81
0 0 0	0 0 0	3	30 81 32
0 0 0	0 0 0	3	32 81 82
0 0 0	0 0 0	3	32 82 34
0 0 0	0 0 0	3	34 82 83
0 0 0	0 0 0	3	34 83 36
0 0 0	0 0 0	3	36 83 84
0 0 0	0 0 0	3	36 84 38
0 0 0	0 0 0	3	38 84 85
0 0 0	0 0 0	3	38 85 40
0 0 0	0 0 0	3	40 85 86
0 0 0	0 0 0	3	40 86 42
0 0 0	0 0 0	3	42 86 87
0 0 0	0 0 0	3	42 87 44
0 0 0	0 0 0	3	44 87 88
0 0 0	0 0 0	3	44 88 46
0 0 0	0 0 0	3	46 88 89
0 0 0	0 0 0	3	46 89 48
0 0 0	0 0 0	3	48 89 90
0 0 0	0 0 0	3	48 90 50
0 0 0	0 0 0	3	50 90 91
0 0 0	0 0 0	3	50 91 52
0 0 0	0 0 0	3	52 91 92
0 0 0	0 0 0	3	52 92 54
0 0 0	0 0 0	3	54 92 93
0 0 0	0 0 0	3	54 93 56
0 0 0	0 0 0	3	56 93 94
0 0 0	0 0 0	3	56 94 58
0 0 0	0 0 0	3	58 94 95
0 0 0	0 0 0	3	58 95 60
0 0 0	0 0 0	3	60 95 96
0 0 0	0 0 0	3	60 96 62
0 0 0	0 0 0	3	62 96 97
0 0 0	0 0 0	3	62 97 64
0 0 0	0 0 0	3	65 98 99
0 0 0	0 0 0	3	65 99 66
0 0 0	0 0 0	3	66 99 100
0 0 0	0 0 0	3	66 100 67
0 0 0	0 0 0	3	67 100 101
0 0 0	0 0 0	3	67 101 68
0 0 0	0 0 0	3	68 101 102
0 0 0	0 0 0	3	68 102 69
0 0 0	0 0 0	3	69 102 103
0 0 0	0 0 0	3	69 103 70
0 0 0	0 0 0	3	70 103 104
0 0 0	0 0 0	3	70 104 71
0 0 0	0 0 0	3	71 104 105
0 0 0	0 0 0	3	71 105 72
0 0 0	0 0 0	3	72 105 106
0 0 0	0 0 0	3	72 106 73
0 0 0	0 0 0	3	73 106 107
0 0 0	0 0 0	3	73 107 74
0 0 0	0 0 0	3	74 107 108
0 0 0	0 0 0	3	74 108 75
0 0 0	0 0 0	3	75 108 109
0 0 0	0 0 0	3	75 109 76
0 0 0	0 0 0	3	76 109 110
0 0 0	0 0 0	3	76 110 77
0 0 0	0 0 0	3	77 110 111
0 0 0	0 0 0	3	77 111 78
0 0 0	0 0 0	3	78 111 112
0 0 0	0 0 0	3	78 112 79
0 0 0	0 0 0	3	79 112 113
0 0 0	0 0 0	3	79 113 80
0 0 0	0 0 0	3	80 113 114
0 0 0	0 0 0	3	80 114 81
0 0 0	0 0 0	3	81 114 115
0 0 0	0 0 0	3	81 115 82
0 0 0	0 0 0	3	82 115 116
0 0 0	0 0 0	3	82 116 83
0 0 0	0 0 0	3	83 116 117
0 0 0	0 0 0	3	83 117 84
0 0 0	0 0 0	3	84 117 118
0 0 0	0 0 0	3	84 118 85
0 0 0	0 0 0	3	85 118 119
0 0 0	0 0 0	3	85 119 86
0 0 0	0 0 0	3	86 119 120
0 0 0	0 0 0	3	86 120 87
0 0 0	0 0 0	3	87 120 121
0 0 0	0 0 0	3	87 121 88
0 0 0	0 0 0	3	88 121 122
0 0 0	0 0 0	3	88 122 89
0 0 0	0 0 0	3	89 122 123
0 0 0	0 0 0	3	89 123 90
0 0 0	0 0 0	3	90 123 124
0 0 0	0 0 0	3	90 124 91
0 0 0	0 0 0	3	91 124 125
0 0 0	0 0 0	3	91 125 92
0 0 0	0 0 0	3	92 125 126
0 0 0	0 0 0	3	92 126 93
0 0 0	0 0 0	3	93 126 127
0 0 0	0 0 0	3	93 127 94
0 0 0	0 0 0	3	94 127 128
0 0 0	0 0 0	3	94 128 95
0 0 0	0 0 0	3	95 128 129
0 0 0	0 0 0	3	95 129 96
0 0 0	0 0 0	3	96 129 130
0 0 0	0 0 0	3	96 130 97
0 0 0	0 0 0	3	98 131 132
0 0 0	0 0 0	3	98 132 99
0 0 0	0 0 0	3	99 132 133
0 0 0	0 0 0	3	99 133 100
0 0 0	0 0 0	3	100 133 134
0 0 0	0 0 0	3	100 134 101
0 0 0	0 0 0	3	101 134 135
0 0 0	0 0 0	3	101 135 102
0 0 0	0 0 0	3	102 135 136
0 0 0	0 0 0	3	102 136 103
0 0 0	0 0 0	3	103 136 137
0 0 0	0 0 0	3	103 137 104
0 0 0	0 0 0	3	104 137 138
0 0 0	0 0 0	3	104 138 105
0 0 0	0 0 0	3	105 138 139
0 0 0	0 0 0	3	105 139 106
0 0 0	0 0 0	3	106 139 140
0 0 0	0 0 0	3	106 140 107
0 0 0	0 0 0	3	107 140 141
0 0 0	0 0 0	3	107 141 108
0 0 0	0 0 0	3	108 141 142
0 0 0	0 0 0	3	108 142 109
0 0 0	0 0 0	3	109 142 143
0 0 0	0 0 0	3	109 143 110
0 0 0	0 0 0	3	110 143 144
0 0 0	0 0 0	3	110 144 111
0 0 0	0 0 0	3	111 144 145
0 0 0	0 0 0	3	111 145 112
0 0 0	0 0 0	3	112 145 146
0 0 0	0 0 0	3	112 146 113
0 0 0	0 0 0	3	113 146 147
0 0 0	0 0 0	3	113 147 114
0 0 0	0 0 0	3	114 147 148
0 0 0	0 0 0	3	114 148 115
0 0 0	0 0 0	3	115 148 149
0 0 0	0 0 0	3	115 149 116
0 0 0	0 0 0	3	116 149 150
0 0 0	0 0 0	3	116 150 117
0 0 0	0 0 0	3	117 150 151
0 0 0	0 0 0	3	117 151 118
0 0 0	0 0 0	3	118 151 152
0 0 0	0 0 0	3	118 152 119
0 0 0	0 0 0	3	119 152 153
0 0 0	0 0 0	3	119 153 120
0 0 0	0 0 0	3	120 153 154
0 0 0	0 0 0	3	120 154 121
0 0 0	0 0 0	3	121 154 155
0 0 0	0 0 0	3	121 155 122
0 0 0	0 0 0	3	122 155 156
0 0 0	0 0 0	3	122 156 123
0 0 0	0 0 0	3	123 156 157
0 0 0	0 0 0	3	123 157 124
0 0 0	0 0 0	3	124 157 158
0 0 0	0 0 0	3	124 158 125
0 0 0	0 0 0	3	125 158 159
0 0 0	0 0 0	3	125 159 126
0 0 0	0 0 0	3	126 159 160
0 0 0	0 0 0	3	126 160 127
0 0 0	0 0 0	3	127 160 161
0 0 0	0 0 0	3	127 161 128
0 0 0	0 0 0	3	128 161 162
0 0 0	0 0 0	3	128 162 129
0 0 0	0 0 0	3	129 162 163
0 0 0	0 0 0	3	129 163 130
0 0 0	0 0 0	3	131 164 165
0 0 0	0 0 0	3	131 165 132
0 0 0	0 0 0	3	132 165 166
0 0 0	0 0 0	3	132 166 133
0 0 0	0 0 0	3	133 166 167
0 0 0	0 0 0	3	133 167 134
0 0 0	0 0 0	3	134 167 168
0 0 0	0 0 0	3	134 168 135
0 0 0	0 0 0	3	135 168 169
0 0 0	0 0 0	3	135 169 136
0 0 0	0 0 0	3	136 169 170
0 0 0	0 0 0	3	136 170 137
0 0 0	0 0 0	3	137 170 171
0 0 0	0 0 0	3	137 171 138
0 0 0	0 0 0	3	138 171 172
0 0 0	0 0 0	3	138 172 139
0 0 0	0 0 0	3	139 172 173
0 0 0	0 0 0	3	139 173 140
0 0 0	0 0 0	3	140 173 174
0 0 0	0 0 0	3	140 174 141
0 0 0	0 0 0	3	141 174 175
0 0 0	0 0 0	3	141 175 142
0 0 0	0 0 0	3	142 175 176
0 0 0	0 0 0	3	142 176 143
0 0 0	0 0 0	3	143 176 177
0 0 0	0 0 0	3	143 177 144
0 0 0	0 0 0	3	144 177 178
0 0 0	0 0 0	3	144 178 145
0 0 0	0 0 0	3	145 178 179
0 0 0	0 0 0	3	145 179 146
0 0 0	0 0 0	3	146 179 180
0 0 0	0 0 0	3	146 180 147
0 0 0	0 0 0	3	147 180 181
0 0 0	0 0 0	3	147 181 148
0 0 0	0 0 0	3	148 181 182
0 0 0	0 0 0	3	148 182 149
0 0 0	0 0 0	3	149 182 183
0 0 0	0 0 0	3	149 183 150
0 0 0	0 0 0	3	150 183 184
0 0 0	0 0 0	3	150 184 151
0 0 0	0 0 0	3	151 184 185
0 0 0	0 0 0	3	151 185 152
0 0 0	0 0 0	3	152 185 186
0 0 0	0 0 0	3	152 186 153
0 0 0	0 0 0	3	153 186 187
0 0 0	0 0 0	3	153 187 154
0 0 0	0 0 0	3	154 187 188
0 0 0	0 0 0	3	154 188 155
0 0 0	0 0 0	3	155 188 189
0 0 0	0 0 0	3	155 189 156
0 0 0	0 0 0	3	156 189 190
0 0 0	0 0 0	3	156 190 157
0 0 0	0 0 0	3	157 190 191
0 0 0	0 0 0	3	157 191 158
0 0 0	0 0 0	3	158 191 192
0 0 0	0 0 0	3	158 192 159
0 0 0	0 0 0	3	159 192 193
0 0 0	0 0 0	3	159 193 160
0 0 0	0 0 0	3	160 193 194
0 0 0	0 0 0	3	160 194 161
0 0 0	0 0 0	3	161 194 195
0 0 0	0 0 0	3	161 195 162
0 0 0	0 0 0	3	162 195 196
0 0 0	0 0 0	3	162 196 163
0 0 0	0 0 0	3	164 197 198
0 0 0	0 0 0	3	164 198 165
0 0 0	0 0 0	3	165 198 199
0 0 0	0 0 0	3	165 199 166
0 0 0	0 0 0	3	166 199 200
0 0 0	0 0 0	3	166 200 167
0 0 0	0 0 0	3	167 200 201
0 0 0	0 0 0	3	167 201 168
0 0 0	0 0 0	3	168 201 202
0 0 0	0 0 0	3	168 202 169
0 0 0	0 0 0	3	169 202 203
0 0 0	0 0 0	3	169 203 170
0 0 0	0 0 0	3	170 203 204
0 0 0	0 0 0	3	170 204 171
0 0 0	0 0 0	3	171 204 205
0 0 0	0 0 0	3	171 205 172
0 0 0	0 0 0	3	172 205 206
0 0 0	0 0 0	3	172 206 173
0 0 0	0 0 0	3	173 206 207
0 0 0	0 0 0	3	173 207 174
0 0 0	0 0 0	3	174 207 208
0 0 0	0 0 0	3	174 208 175
0 0 0	0 0 0	3	175 208 209
0 0 0	0 0 0	3	175 209 176
0 0 0	0 0 0	3	176 209 210
0 0 0	0 0 0	3	176 210 177
0 0 0	0 0 0	3	177 210 211
0 0 0	0 0 0	3	177 211 178
0 0 0	0 0 0	3	178 211 212
0 0 0	0 0 0	3	178 212 179
0 0 0	0 0 0	3	179 212 213
0 0 0	0 0 0	3	179 213 180
0 0 0	0 0 0	3	180 213 214
0 0 0	0 0 0	3	180 214 181
0 0 0	0 0 0	3	181 214 215
0 0 0	0 0 0	3	181 215 182
0 0 0	0 0 0	3	182 215 216
0 0 0	0 0 0	3	182 216 183
0 0 0	0 0 0	3	183 216 217
0 0 0	0 0 0	3	183 217 184
0 0 0	0 0 0	3	184 217 218
0 0 0	0 0 0	3	184 218 185
0 0 0	0 0 0	3	185 218 219
0 0 0	0 0 0	3	185 219 186
0 0 0	0 0 0	3	186 219 220
0 0 0	0 0 0	3	186 220 187
0 0 0	0 0 0	3	187 220 221
0 0 0	0 0 0	3	187 221 188
0 0 0	0 0 0	3	188 221 222
0 0 0	0 0 0	3	188 222 189
0 0 0	0 0 0	3	189 222 223
0 0 0	0 0 0	3	189 223 190
0 0 0	0 0 0	3	190 223 224
0 0 0	0 0 0	3	190 224 191
0 0 0	0 0 0	3	191 224 225
0 0 0	0 0 0	3	191 225 192
0 0 0	0 0 0	3	192 225 226
0 0 0	0 0 0	3	192 226 193
0 0 0	0 0 0	3	193 226 227
0 0 0	0 0 0	3	193 227 194
0 0 0	0 0 0	3	194 227 228
0 0 0	0 0 0	3	194 228 195
0 0 0	0 0 0	3	195 228 229
0 0 0	0 0 0	3	195 229 196
0 0 0	0 0 0	3	197 230 231
0 0 0	0 0 0	3	197 231 198
0 0 0	0 0 0	3	198 231 232
0 0 0	0 0 0	3	198 232 199
0 0 0	0 0 0	3	199 232 233
0 0 0	0 0 0	3	199 233 200
0 0 0	0 0 0	3	200 233 234
0 0 0	0 0 0	3	200 234 201
0 0 0	0 0 0	3	201 234 235
0 0 0	0 0 0	3	201 235 202
0 0 0	0 0 0	3	202 235 236
0 0 0	0 0 0	3	202 236 203
0 0 0	0 0 0	3	203 236 237
0 0 0	0 0 0	3	203 237 204
0 0 0	0 0 0	3	204 237 238
0 0 0	0 0 0	3	204 238 205
0 0 0	0 0 0	3	205 238 239
0 0 0	0 0 0	3	205 239 206
0 0 0	0 0 0	3	206 239 240
0 0 0	0 0 0	3	206 240 207
0 0 0	0 0 0	3	207 240 241
0 0 0	0 0 0	3	207 241 208
0 0 0	0 0 0	3	208 241 242
0 0 0	0 0 0	3	208 242 209
0 0 0	0 0 0	3	209 242 243
0 0 0	0 0 0	3	209 243 210
0 0 0	0 0 0	3	210 243 244
0 0 0	0 0 0	3	210 244 211
0 0 0	0 0 0	3	211 244 245
0 0 0	0 0 0	3	211 245 212
0 0 0	0 0 0	3	212 245 246
0 0 0	0 0 0	3	212 246 213
0 0 0	0 0 0	3	213 246 247
0 0 0	0 0 0	3	213 247 214
0 0 0	0 0 0	3	214 247 248
0 0 0	0 0 0	3	214 248 215
0 0 0	0 0 0	3	215 248 249
0 0 0	0 0 0	3	215 249 216
0 0 0	0 0 0	3	216 249 250
0 0 0	0 0 0	3	216 250 217
0 0 0	0 0 0	3	217 250 251
0 0 0	0 0 0	3	217 251 218
0 0 0	0 0 0	3	218 251 252
0 0 0	0 0 0	3	218 252 219
0 0 0	0 0 0	3	219 252 253
0 0 0	0 0 0	3	219 253 220
0 0 0	0 0 0	3	220 253 254
0 0 0	0 0 0	3	220 254 221
0 0 0	0 0 0	3	221 254 255
0 0 0	0 0 0	3	221 255 222
0 0 0	0 0 0	3	222 255 256
0 0 0	0 0 0	3	222 256 223
0 0 0	0 0 0	3	223 256 257
0 0 0	0 0 0	3	223 257 224
0 0 0	0 0 0	3	224 257 258
0 0 0	0 0 0	3	224 258 225
0 0 0	0 0 0	3	225 258 259
0 0 0	0 0 0	3	225 259 226
0 0 0	0 0 0	3	226 259 260
0 0 0	0 0 0	3	226 260 227
0 0 0	0 0 0	3	227 260 261
0 0 0	0 0 0	3	227 261 228
0 0 0	0 0 0	3	228 261 262
0 0 0	0 0 0	3	228 262 229
0 0 0	0 0 0	3	230 263 264
0 0 0	0 0 0	3	230 264 231
0 0 0	0 0 0	3	231 264 265
0 0 0	0 0 0	3	231 265 232
0 0 0	0 0 0	3	232 265 266
0 0 0	0 0 0	3	232 266 233
0 0 0	0 0 0	3	233 266 267
0 0 0	0 0 0	3	233 267 234
0 0 0	0 0 0	3	234 267 268
0 0 0	0 0 0	3	234 268 235
0 0 0	0 0 0	3	235 268 269
0 0 0	0 0 0	3	235 269 236
0 0 0	0 0 0	3	236 269 270
0 0 0	0 0 0	3	236 270 237
0 0 0	0 0 0	3	237 270 271
0 0 0	0 0 0	3	237 271 238
0 0 0	0 0 0	3	238 271 272
0 0 0	0 0 0	3	238 272 239
0 0 0	0 0 0	3	239 272 273
0 0 0	0 0 0	3	239 273 240
0 0 0	0 0 0	3	240 273 274
0 0 0	0 0 0	3	240 274 241
0 0 0	0 0 0	3	241 274 275
0 0 0	0 0 0	3	241 275 242
0 0 0	0 0 0	3	242 275 276
0 0 0	0 0 0	3	242 276 243
0 0 0	0 0 0	3	243 276 277
0 0 0	0 0 0	3	243 277 244
0 0 0	0 0 0	3	244 277 278
0 0 0	0 0 0	3	244 278 245
0 0 0	0 0 0	3	245 278 279
0 0 0	0 0 0	3	245 279 246
0 0 0	0 0 0	3	246 279 280
0 0 0	0 0 0	3	246 280 247
0 0 0	0 0 0	3	247 280 281
0 0 0	0 0 0	3	247 281 248
0 0 0	0 0 0	3	248 281 282
0 0 0	0 0 0	3	248 282 249
0 0 0	0 0 0	3	249 282 283
0 0 0	0 0 0	3	249 283 250
0 0 0	0 0 0	3	250 283 284
0 0 0	0 0 0	3	250 284 251
0 0 0	0 0 0	3	251 284 285
0 0 0	0 0 0	3	251 285 252
0 0 0	0 0 0	3	252 285 286
0 0 0	0 0 0	3	252 286 253
0 0 0	0 0 0	3	253 286 287
0 0 0	0 0 0	3	253 287 254
0 0 0	0 0 0	3	254 287 288
0 0 0	0 0 0	3	254 288 255
0 0 0	0 0 0	3	255 288 289
0 0 0	0 0 0	3	255 289 256
0 0 0	0 0 0	3	256 289 290
0 0 0	0 0 0	3	256 290 257
0 0 0	0 0 0	3	257 290 291
0 0 0	0 0 0	3	257 291 258
0 0 0	0 0 0	3	258 291 292
0 0 0	0 0 0	3	258 292 259
0 0 0	0 0 0	3	259 292 293
0 0 0	0 0 0	3	259 293 260
0 0 0	0 0 0	3	260 293 294
0 0 0	0 0 0	3	260 294 261
0 0 0	0 0 0	3	261 294 295
0 0 0	0 0 0	3	261 295 262
0 0 0	0 0 0	3	263 296 297
0 0 0	0 0 0	3	263 297 264
0 0 0	0 0 0	3	264 297 298
0 0 0	0 0 0	3	264 298 265
0 0 0	0 0 0	3	265 298 299
0 0 0	0 0 0	3	265 299 266
0 0 0	0 0 0	3	266 299 300
0 0 0	0 0 0	3	266 300 267
0 0 0	0 0 0	3	267 300 301
0 0 0	0 0 0	3	267 301 268
0 0 0	0 0 0	3	268 301 302
0 0 0	0 0 0	3	268 302 269
0 0 0	0 0 0	3	269 302 303
0 0 0	0 0 0	3	269 303 270
0 0 0	0 0 0	3	270 303 304
0 0 0	0 0 0	3	270 304 271
0 0 0	0 0 0	3	271 304 305
0 0 0	0 0 0	3	271 305 272
0 0 0	0 0 0	3	272 305 306
0 0 0	0 0 0	3	272 306 273
0 0 0	0 0 0	3	273 306 307
0 0 0	0 0 0	3	273 307 274
0 0 0	0 0 0	3	274 307 308
0 0 0	0 0 0	3	274 308 275
0 0 0	0 0 0	3	275 308 309
0 0 0	0 0 0	3	275 309 276
0 0 0	0 0 0	3	276 309 310
0 0 0	0 0 0	3	276 310 277
0 0 0	0 0 0	3	277 310 311
0 0 0	0 0 0	3	277 311 278
0 0 0	0 0 0	3	278 311 312
0 0 0	0 0 0	3	278 312 279
0 0 0	0 0 0	3	279 312 313
0 0 0	0 0 0	3	279 313 280
0 0 0	0 0 0	3	280 313 314
0 0 0	0 0 0	3	280 314 281
0 0 0	0 0 0	3	281 314 315
0 0 0	0 0 0	3	281 315 282
0 0 0	0 0 0	3	282 315 316
0 0 0	0 0 0	3	282 316 283
0 0 0	0 0 0	3	283 316 317
0 0 0	0 0 0	3	283 317 284
0 0 0	0 0 0	3	284 317 318
0 0 0	0 0 0	3	284 318 285
0 0 0	0 0 0	3	285 318 319
0 0 0	0 0 0	3	285 319 286
0 0 0	0 0 0	3	286 319 320
0 0 0	0 0 0	3	286 320 287
0 0 0	0 0 0	3	287 320 321
0 0 0	0 0 0	3	287 321 288
0 0 0	0 0 0	3	288 321 322
0 0 0	0 0 0	3	288 322 289
0 0 0	0 0 0	3	289 322 323
0 0 0	0 0 0	3	289 323 290
0 0 0	0 0 0	3	290 323 324
0 0 0	0 0 0	3	290 324 291
0 0 0	0 0 0	3	291 324 325
0 0 0	0 0 0	3	291 325 292
0 0 0	0 0 0	3	292 325 326
0 0 0	0 0 0	3	292 326 293
0 0 0	0 0 0	3	293 326 327
0 0 0	0 0 0	3	293 327 294
0 0 0	0 0 0	3	294 327 328
0 0 0	0 0 0	3	294 328 295
0 0 0	0 0 0	3	296 329 330
0 0 0	0 0 0	3	296 330 297
0 0 0	0 0 0	3	297 330 331
0 0 0	0 0 0	3	297 331 298
0 0 0	0 0 0	3	298 331 332
0 0 0	0 0 0	3	298 332 299
0 0 0	0 0 0	3	299 332 333
0 0 0	0 0 0	3	299 333 300
0 0 0	0 0 0	3	300 333 334
0 0 0	0 0 0	3	300 334 301
0 0 0	0 0 0	3	301 334 335
0 0 0	0 0 0	3	301 335 302
0 0 0	0 0 0	3	302 335 336
0 0 0	0 0 0	3	302 336 303
0 0 0	0 0 0	3	303 336 337
0 0 0	0 0 0	3	303 337 304
0 0 0	0 0 0	3	304 337 338
0 0 0	0 0 0	3	304 338 305
0 0 0	0 0 0	3	305 338 339
0 0 0	0 0 0	3	305 339 306
0 0 0	0 0 0	3	306 339 340
0 0 0	0 0 0	3	306 340 307
0 0 0	0 0 0	3	307 340 341
0 0 0	0 0 0	3	307 341 308
0 0 0	0 0 0	3	308 341 342
0 0 0	0 0 0	3	308 342 309
0 0 0	0 0 0	3	309 342 343
0 0 0	0 0 0	3	309 343 310
0 0 0	0 0 0	3	310 343 344
0 0 0	0 0 0	3	310 344 311
0 0 0	0 0 0	3	311 344 345
0 0 0	0 0 0	3	311 345 312
0 0 0	0 0 0	3	312 345 346
0 0 0	0 0 0	3	312 346 313
0 0 0	0 0 0	3	313 346 347
0 0 0	0 0 0	3	313 347 314
0 0 0	0 0 0	3	314 347 348
0 0 0	0 0 0	3	314 348 315
0 0 0	0 0 0	3	315 348 349
0 0 0	0 0 0	3	315 349 316
0 0 0	0 0 0	3	316 349 350
0 0 0	0 0 0	3	316 350 317
0 0 0	0 0 0	3	317 350 351
0 0 0	0 0 0	3	317 351 318
0 0 0	0 0 0	3	318 351 352
0 0 0	0 0 0	3	318 352 319
0 0 0	0 0 0	3	319 352 353
0 0 0	0 0 0	3	319 353 320
0 0 0	0 0 0	3	320 353 354
0 0 0	0 0 0	3	320 354 321
0 0 0	0 0 0	3	321 354 355
0 0 0	0 0 0	3	321 355 322
0 0 0	0 0 0	3	322 355 356
0 0 0	0 0 0	3	322 356 323
0 0 0	0 0 0	3	323 356 357
0 0 0	0 0 0	3	323 357 324
0 0 0	0 0 0	3	324 357 358
0 0 0	0 0 0	3	324 358 325
0 0 0	0 0 0	3	325 358 359
0 0 0	0 0 0	3	325 359 326
0 0 0	0 0 0	3	326 359 360
0 0 0	0 0 0	3	326 360 327
0 0 0	0 0 0	3	327 360 361
0 0 0	0 0 0	3	327 361 328
0 0 0	0 0 0	3	329 362 363
0 0 0	0 0 0	3	329 363 330
0 0 0	0 0 0	3	330 363 364
0 0 0	0 0 0	3	330 364 331
0 0 0	0 0 0	3	331 364 365
0 0 0	0 0 0	3	331 365 332
0 0 0	0 0 0	3	332 365 366
0 0 0	0 0 0	3	332 366 333
0 0 0	0 0 0	3	333 366 367
0 0 0	0 0 0	3	333 367 334
0 0 0	0 0 0	3	334 367 368
0 0 0	0 0 0	3	334 368 335
0 0 0	0 0 0	3	335 368 369
0 0 0	0 0 0	3	335 369 336
0 0 0	0 0 0	3	336 369 370
0 0 0	0 0 0	3	336 370 337
0 0 0	0 0 0	3	337 370 371
0 0 0	0 0 0	3	337 371 338
0 0 0	0 0 0	3	338 371 372
0 0 0	0 0 0	3	338 372 339
0 0 0	0 0 0	3	339 372 373
0 0 0	0 0 0	3	339 373 340
0 0 0	0 0 0	3	340 373 374
0 0 0	0 0 0	3	340 374 341
0 0 0	0 0 0	3	341 374 375
0 0 0	0 0 0	3	341 375 342
0 0 0	0 0 0	3	342 375 376
0 0 0	0 0 0	3	342 376 343
0 0 0	0 0 0	3	343 376 377
0 0 0	0 0 0	3	343 377 344
0 0 0	0 0 0	3	344 377 378
0 0 0	0 0 0	3	344 378 345
0 0 0	0 0 0	3	345 378 379
0 0 0	0 0 0	3	345 379 346
0 0 0	0 0 0	3	346 379 380
0 0 0	0 0 0	3	346 380 347
0 0 0	0 0 0	3	347 380 381
0 0 0	0 0 0	3	347 381 348
0 0 0	0 0 0	3	348 381 382
0 0 0	0 0 0	3	348 382 349
0 0 0	0 0 0	3	349 382 383
0 0 0	0 0 0	3	349 383 350
0 0 0	0 0 0	3	350 383 384
0 0 0	0 0 0	3	350 384 351
0 0 0	0 0 0	3	351 384 385
0 0 0	0 0 0	3	351 385 352
0 0 0	0 0 0	3	352 385 386
0 0 0	0 0 0	3	352 386 353
0 0 0	0 0 0	3	353 386 387
0 0 0	0 0 0	3	353 387 354
0 0 0	0 0 0	3	354 387 388
0 0 0	0 0 0	3	354 388 355
0 0 0	0 0 0	3	355 388 389
0 0 0	0 0 0	3	355 389 356
0 0 0	0 0 0	3	356 389 390
0 0 0	0 0 0	3	356 390 357
0 0 0	0 0 0	3	357 390 391
0 0 0	0 0 0	3	357 391 358
0 0 0	0 0 0	3	358 391 392
0 0 0	0 0 0	3	358 392 359
0 0 0	0 0 0	3	359 392 393
0 0 0	0 0 0	3	359 393 360
0 0 0	0 0 0	3	360 393 394
0 0 0	0 0 0	3	360 394 361
0 0 0	0 0 0	3	362 395 396
0 0 0	0 0 0	3	362 396 363
0 0 0	0 0 0	3	363 396 397
0 0 0	0 0 0	3	363 397 364
0 0 0	0 0 0	3	364 397 398
0 0 0	0 0 0	3	364 398 365
0 0 0	0 0 0	3	365 398 399
0 0 0	0 0 0	3	365 399 366
0 0 0	0 0 0	3	366 399 400
0 0 0	0 0 0	3	366 400 367
0 0 0	0 0 0	3	367 400 401
0 0 0	0 0 0	3	367 401 368
0 0 0	0 0 0	3	368 401 402
0 0 0	0 0 0	3	368 402 369
0 0 0	0 0 0	3	369 402 403
0 0 0	0 0 0	3	369 403 370
0 0 0	0 0 0	3	370 403 404
0 0 0	0 0 0	3	370 404 371
0 0 0	0 0 0	3	371 404 405
0 0 0	0 0 0	3	371 405 372
0 0 0	0 0 0	3	372 405 406
0 0 0	0 0 0	3	372 406 373
0 0 0	0 0 0	3	373 406 407
0 0 0	0 0 0	3	373 407 374
0 0 0	0 0 0	3	374 407 408
0 0 0	0 0 0	3	374 408 375
0 0 0	0 0 0	3	375 408 409
0 0 0	0 0 0	3	375 409 376
0 0 0	0 0 0	3	376 409 410
0 0 0	0 0 0	3	376 410 377
0 0 0	0 0 0	3	377 410 411
0 0 0	0 0 0	3	377 411 378
0 0 0	0 0 0	3	378 411 412
0 0 0	0 0 0	3	378 412 379
0 0 0	0 0 0	3	379 412 413
0 0 0	0 0 0	3	379 413 380
0 0 0	0 0 0	3	380 413 414
0 0 0	0 0 0	3	380 414 381
0 0 0	0 0 0	3	381 414 415
0 0 0	0 0 0	3	381 415 382
0 0 0	0 0 0	3	382 415 416
0 0 0	0 0 0	3	382 416 383
0 0 0	0 0 0	3	383 416 417
0 0 0	0 0 0	3	383 417 384
0 0 0	0 0 0	3	384 417 418
0 0 0	0 0 0	3	384 418 385
0 0 0	0 0 0	3	385 418 419
0 0 0	0 0 0	3	385 419 386
0 0 0	0 0 0	3	386 419 420
0 0 0	0 0 0	3	386 420 387
0 0 0	0 0 0	3	387 420 421
0 0 0	0 0 0	3	387 421 388
0 0 0	0 0 0	3	388 421 422
0 0 0	0 0 0	3	388 422 389
0 0 0	0 0 0	3	389 422 423
0 0 0	0 0 0	3	389 423 390
0 0 0	0 0 0	3	390 423 424
0 0 0	0 0 0	3	390 424 391
0 0 0	0 0 0	3	391 424 425
0 0 0	0 0 0	3	391 425 392
0 0 0	0 0 0	3	392 425 426
0 0 0	0 0 0	3	392 426 393
0 0 0	0 0 0	3	393 426 427
0 0 0	0 0 0	3	393 427 394
0 0 0	0 0 0	3	395 428 429
0 0 0	0 0 0	3	395 429 396
0 0 0	0 0 0	3	396 429 430
0 0 0	0 0 0	3	396 430 397
0 0 0	0 0 0	3	397 430 431
0 0 0	0 0 0	3	397 431 398
0 0 0	0 0 0	3	398 431 432
0 0 0	0 0 0	3	398 432 399
0 0 0	0 0 0	3	399 432 433
0 0 0	0 0 0	3	399 433 400
0 0 0	0 0 0	3	400 433 434
0 0 0	0 0 0	3	400 434 401
0 0 0	0 0 0	3	401 434 435
0 0 0	0 0 0	3	401 435 402
0 0 0	0 0 0	3	402 435 436
0 0 0	0 0 0	3	402 436 403
0 0 0	0 0 0	3	403 436 437
0 0 0	0 0 0	3	403 437 404
0 0 0	0 0 0	3	404 437 438
0 0 0	0 0 0	3	404 438 405
0 0 0	0 0 0	3	405 438 439
0 0 0	0 0 0	3	405 439 406
0 0 0	0 0 0	3	406 439 440
0 0 0	0 0 0	3	406 440 407
0 0 0	0 0 0	3	407 440 441
0 0 0	0 0 0	3	407 441 408
0 0 0	0 0 0	3	408 441 442
0 0 0	0 0 0	3	408 442 409
0 0 0	0 0 0	3	409 442 443
0 0 0	0 0 0	3	409 443 410
0 0 0	0 0 0	3	410 443 444
0 0 0	0 0 0	3	410 444 411
0 0 0	0 0 0	3	411 444 445
0 0 0	0 0 0	3	411 445 412
0 0 0	0 0 0	3	412 445 446
0 0 0	0 0 0	3	412 446 413
0 0 0	0 0 0	3	413 446 447
0 0 0	0 0 0	3	413 447 414
0 0 0	0 0 0	3	414 447 448
0 0 0	0 0 0	3	414 448 415
0 0 0	0 0 0	3	415 448 449
0 0 0	0 0 0	3	415 449 416
0 0 0	0 0 0	3	416 449 450
0 0 0	0 0 0	3	416 450 417
0 0 0	0 0 0	3	417 450 451
0 0 0	0 0 0	3	417 451 418
0 0 0	0 0 0	3	418 451 452
0 0 0	0 0 0	3	418 452 419
0 0 0	0 0 0	3	419 452 453
0 0 0	0 0 0	3	419 453 420
0 0 0	0 0 0	3	420 453 454
0 0 0	0 0 0	3	420 454 421
0 0 0	0 0 0	3	421 454 455
0 0 0	0 0 0	3	421 455 422
0 0 0	0 0 0	3	422 455 456
0 0 0	0 0 0	3	422 456 423
0 0 0	0 0 0	3	423 456 457
0 0 0	0 0 0	3	423 457 424
0 0 0	0 0 0	3	424 457 458
0 0 0	0 0 0	3	424 458 425
0 0 0	0 0 0	3	425 458 459
0 0 0	0 0 0	3	425 459 426
0 0 0	0 0 0	3	426 459 460
0 0 0	0 0 0	3	426 460 427
0 0 0	0 0 0	3	428 461 462
0 0 0	0 0 0	3	428 462 429
0 0 0	0 0 0	3	429 462 463
0 0 0	0 0 0	3	429 463 430
0 0 0	0 0 0	3	430 463 464
0 0 0	0 0 0	3	430 464 431
0 0 0	0 0 0	3	431 464 465
0 0 0	0 0 0	3	431 465 432
0 0 0	0 0 0	3	432 465 466
0 0 0	0 0 0	3	432 466 433
0 0 0	0 0 0	3	433 466 467
0 0 0	0 0 0	3	433 467 434
0 0 0	0 0 0	3	434 467 468
0 0 0	0 0 0	3	434 468 435
0 0 0	0 0 0	3	435 468 469
0 0 0	0 0 0	3	435 469 436
0 0 0	0 0 0	3	436 469 470
0 0 0	0 0 0	3	436 470 437
0 0 0	0 0 0	3	437 470 471
0 0 0	0 0 0	3	437 471 438
0 0 0	0 0 0	3	438 471 472
0 0 0	0 0 0	3	438 472 439
0 0 0	0 0 0	3	439 472 473
0 0 0	0 0 0	3	439 473 440
0 0 0	0 0 0	3	440 473 474
0 0 0	0 0 0	3	440 474 441
0 0 0	0 0 0	3	441 474 475
0 0 0	0 0 0	3	441 475 442
0 0 0	0 0 0	3	442 475 476
0 0 0	0 0 0	3	442 476 443
0 0 0	0 0 0	3	443 476 477
0 0 0	0 0 0	3	443 477 444
0 0 0	0 0 0	3	444 477 478
0 0 0	0 0 0	3	444 478 445
0 0 0	0 0 0	3	445 478 479
0 0 0	0 0 0	3	445 479 446
0 0 0	0 0 0	3	446 479 480
0 0 0	0 0 0	3	446 480 447
0 0 0	0 0 0	3	447 480 481
0 0 0	0 0 0	3	447 481 448
0 0 0	0 0 0	3	448 481 482
0 0 0	0 0 0	3	448 482 449
0 0 0	0 0 0	3	449 482 483
0 0 0	0 0 0	3	449 483 450
0 0 0	0 0 0	3	450 483 484
0 0 0	0 0 0	3	450 484 451
0 0 0	0 0 0	3	451 484 485
0 0 0	0 0 0	3	451 485 452
0 0 0	0 0 0	3	452 485 486
0 0 0	0 0 0	3	452 486 453
0 0 0	0 0 0	3	453 486 487
0 0 0	0 0 0	3	453 487 454
0 0 0	0 0 0	3	454 487 488
0 0 0	0 0 0	3	454 488 455
0 0 0	0 0 0	3	455 488 489
0 0 0	0 0 0	3	455 489 456
0 0 0	0 0 0	3	456 489 490
0 0 0	0 0 0	3	456 490 457
0 0 0	0 0 0	3	457 490 491
0 0 0	0 0 0	3	457 491 458
0 0 0	0 0 0	3	458 491 492
0 0 0	0 0 0	3	458 492 459
0 0 0	0 0 0	3	459 492 493
0 0 0	0 0 0	3	459 493 460
0 0 0	0 0 0	3	461 494 495
0 0 0	0 0 0	3	461 495 462
0 0 0	0 0 0	3	462 495 496
0 0 0	0 0 0	3	462 496 463
0 0 0	0 0 0	3	463 496 497
0 0 0	0 0 0	3	463 497 464
0 0 0	0 0 0	3	464 497 498
0 0 0	0 0 0	3	464 498 465
0 0 0	0 0 0	3	465 498 499
0 0 0	0 0 0	3	465 499 466
0 0 0	0 0 0	3	466 499 500
0 0 0	0 0 0	3	466 500 467
0 0 0	0 0 0	3	467 500 501
0 0 0	0 0 0	3	467 501 468
0 0 0	0 0 0	3	468 501 502
0 0 0	0 0 0	3	468 502 469
0 0 0	0 0 0	3	469 502 503
0 0 0	0 0 0	3	469 503 470
0 0 0	0 0 0	3	470 503 504
0 0 0	0 0 0	3	470 504 471
0 0 0	0 0 0	3	471 504 505
0 0 0	0 0 0	3	471 505 472
0 0 0	0 0 0	3	472 505 506
0 0 0	0 0 0	3	472 506 473
0 0 0	0 0 0	3	473 506 507
0 0 0	0 0 0	3	473 507 474
0 0 0	0 0 0	3	474 507 508
0 0 0	0 0 0	3	474 508 475
0 0 0	0 0 0	3	475 508 509
0 0 0	0 0 0	3	475 509 476
0 0 0	0 0 0	3	476 509 510
0 0 0	0 0 0	3	476 510 477
0 0 0	0 0 0	3	477 510 511
0 0 0	0 0 0	3	477 511 478
0 0 0	0 0 0	3	478 511 512
0 0 0	0 0 0	3	478 512 479
0 0 0	0 0 0	3	479 512 513
0 0 0	0 0 0	3	479 513 480
0 0 0	0 0 0	3	480 513 514
0 0 0	0 0 0	3	480 514 481
0 0 0	0 0 0	3	481 514 515
0 0 0	0 0 0	3	481 515 482
0 0 0	0 0 0	3	482 515 516
0 0 0	0 0 0	3	482 516 483
0 0 0	0 0 0	3	483 516 517
0 0 0	0 0 0	3	483 517 484
0 0 0	0 0 0	3	484 517 518
0 0 0	0 0 0	3	484 518 485
0 0 0	0 0 0	3	485 518 519
0 0 0	0 0 0	3	485 519 486
0 0 0	0 0 0	3	486 519 520
0 0 0	0 0 0	3	486 520 487
0 0 0	0 0 0	3	487 520 521
0 0 0	0 0 0	3	487 521 488
0 0 0	0 0 0	3	488 521 522
0 0 0	0 0 0	3	488 522 489
0 0 0	0 0 0	3	489 522 523
0 0 0	0 0 0	3	489 523 490
0 0 0	0 0 0	3	490 523 524
0 0 0	0 0 0	3	490 524 491
0 0 0	0 0 0	3	491 524 525
0 0 0	0 0 0	3	491 525 492
0 0 0	0 0 0	3	492 525 526
0 0 0	0 0 0	3	492 526 493
0 0 0	0 0 0	3	527 495 494
0 0 0	0 0 0	3	528 496 495
0 0 0	0 0 0	3	529 497 496
0 0 0	0 0 0	3	530 498 497
0 0 0	0 0 0	3	531 499 498
0 0 0	0 0 0	3	532 500 499
0 0 0	0 0 0	3	533 501 500
0 0 0	0 0 0	3	534 502 501
0 0 0	0 0 0	3	535 503 502
0 0 0	0 0 0	3	536 504 503
0 0 0	0 0 0	3	537 505 504
0 0 0	0 0 0	3	538 506 505
0 0 0	0 0 0	3	539 507 506
0 0 0	0 0 0	3	540 508 507
0 0 0	0 0 0	3	541 509 508
0 0 0	0 0 0	3	542 510 509
0 0 0	0 0 0	3	543 511 510
0 0 0	0 0 0	3	544 512 511
0 0 0	0 0 0	3	545 513 512
0 0 0	0 0 0	3	546 514 513
0 0 0	0 0 0	3	547 515 514
0 0 0	0 0 0	3	548 516 515
0 0 0	0 0 0	3	549 517 516
0 0 0	0 0 0	3	550 518 517
0 0 0	0 0 0	3	551 519 518
0 0 0	0 0 0	3	552 520 519
0 0 0	0 0 0	3	553 521 520
0 0 0	0 0 0	3	554 522 521
0 0 0	0 0 0	3	555 523 522
0 0 0	0 0 0	3	556 524 523
0 0 0	0 0 0	3	557 525 524
0 0 0	0 0 0	3	558 526 525

TEXTURES
0	1.0 1.0	0 0	0 0.0625	0.03125 0.0625
0	1.0 1.0	0.03125 0	0.03125 0.0625	0.0625 0.0625
0	1.0 1.0	0.0625 0	0.0625 0.0625	0.09375 0.0625
0	1.0 1.0	0.09375 0	0.09375 0.0625	0.125 0.0625
0	1.0 1.0	0.125 0	0.125 0.0625	0.15625 0.0625
0	1.0 1.0	0.15625 0	0.15625 0.0625	0.1875 0.0625
0	1.0 1.0	0.1875 0	0.1875 0.0625	0.21875 0.0625
0	1.0 1.0	0.21875 0	0.21875 0.0625	0.25 0.0625
0	1.0 1.0	0.25 0	0.25 0.0625	0.28125 0.0625
0	1.0 1.0	0.28125 0	0.28125 0.0625	0.3125 0.0625
0	1.0 1.0	0.3125 0	0.3125 0.0625	0.34375 0.0625
0	1.0 1.0	0.34375 0	0.34375 0.0625	0.375 0.0625
0	1.0 1.0	0.375 0	0.375 0.0625	0.40625 0.0625
0	1.0 1.0	0.40625 0	0.40625 0.0625	0.4375 0.0625
0	1.0 1.0	0.4375 0	0.4375 0.0625	0.46875 0.0625
0	1.0 1.0	0.46875 0	0.46875 0.0625	0.5 0.0625
0	1.0 1.0	0.5 0	0.5 0.0625	0.53125 0.0625
0	1.0 1.0	0.53125 0	0.53125 0.0625	0.5625 0.0625
0	1.0 1.0	0.5625 0	0.5625 0.0625	0.59375 0.0625
0	1.0 1.0	0.59375 0	0.59375 0.0625	0.625 0.0625
0	1.0 1.0	0.625 0	0.625 0.0625	0.65625 0.0625
0	1.0 1.0	0.65625 0	0.65625 0.0625	0.6875 0.0625
0	1.0 1.0	0.6875 0	0.6875 0.0625	0.71875 0.0625
0	1.0 1.0	0.71875 0	0.71875 0.0625	0.75 0.0625
0	1.0 1.0	0.75 0	0.75 0.0625	0.78125 0.0625
0	1.0 1.0	0.78125 0	0.78125 0.0625	0.8125 0.0625
0	1.0 1.0	0.8125 0	0.8125 0.0625	0.84375 0.0625
0	1.0 1.0	0.84375 0	0.84375 0.0625	0.875 0.0625
0	1.0 1.0	0.875 0	0.875 0.0625	0.90625 0.0625
0	1.0 1.0	0.90625 0	0.90625 0.0625	0.9375 0.0625
0	1.0 1.0	0.9375 0	0.9375 0.0625	0.96875 0.0625
0	1.0 1.0	0.96875 0	0.96875 0.0625	1 0.0625
0	1.0 1.0	0 0.0625	0 0.125	0.03125 0.125
0	1.0 1.0	0 0.0625	0.03125 0.125	0.03125 0.0625
0	1.0 1.0	0.03125 0.0625	0.03125 0.125	0.0625 0.125
0	1.0 1.0	0.03125 0.0625	0.0625 0.125	0.0625 0.0625
0	1.0 1.0	0.0625 0.0625	0.0625 0.125	0.09375 0.125
0	1.0 1.0	0.0625 0.0625	0.09375 0.125	0.09375 0.0625
0	1.0 1.0	0.09375 0.0625	0.09375 0.125	0.125 0.125
0	1.0 1.0	0.09375 0.0625	0.125 0.125	0.125 0.0625
0	1.0 1.0	0.125 0.0625	0.125 0.125	0.15625 0.125
0	1.0 1.0	0.125 0.0625	0.15625 0.125	0.15625 0.0625
0	1.0 1.0	0.15625 0.0625	0.15625 0.125	0.1875 0.125
0	1.0 1.0	0.15625 0.0625	0.1875 0.125	0.1875 0.0625
0	1.0 1.0	0.1875 0.0625	0.1875 0.125	0.21875 0.125
0	1.0 1.0	0.1875 0.0625	0.21875 0.125	0.21875 0.0625
0	1.0 1.0	0.21875 0.0625	0.21875 0.125	0.25 0.125
0	1.0 1.0	0.21875 0.0625	0.25 0.125	0.25 0.0625
0	1.0 1.0	0.25 0.0625	0.25 0.125	0.28125 0.125
0	1.0 1.0	0.25 0.0625	0.28125 0.125	0.28125 0.0625
0	1.0 1.0	0.28125 0.0625	0.28125 0.125	0.3125 0.125
0	1.0 1.0	0.28125 0.0625	0.3125 0.125	0.3125 0.0625
0	1.0 1.0	0.3125 0.0625	0.3125 0.125	0.34375 0.125
0	1.0 1.0	0.3125 0.0625	0.34375 0.125	0.34375 0.0625
0	1.0 1.0	0.34375 0.0625	0.34375 0.125	0.375 0.125
0	1.0 1.0	0.34375 0.0625	0.375 0.125	0.375 0.0625
0	1.0 1.0	0.375 0.0625	0.375 0.125	0.40625 0.125
0	1.0 1.0	0.375 0.0625	0.40625 0.125	0.40625 0.0625
0	1.0 1.0	0.40625 0.0625	0.40625 0.125	0.4375 0.125
0	1.0 1.0	0.40625 0.0625	0.4375 0.125	0.4375 0.0625
0	1.0 1.0	0.4375 0.0625	0.4375 0.125	0.46875 0.125
0	1.0 1.0	0.4375 0.0625	0.46875 0.125	0.46875 0.0625
0	1.0 1.0	0.46875 0.0625	0.46875 0.125	0.5 0.125
0	1.0 1.0	0.46875 0.0625	0.5 0.125	0.5 0.0625
0	1.0 1.0	0.5 0.0625	0.5 0.125	0.53125 0.125
0	1.0 1.0	0.5 0.0625	0.53125 0.125	0.53125 0.0625
0	1.0 1.0	0.53125 0.0625	0.53125 0.125	0.5625 0.125
0	1.0 1.0	0.53125 0.0625	0.5625 0.125	0.5625 0.0625
0	1.0 1.0	0.5625 0.0625	0.5625 0.125	0.59375 0.125
0	1.0 1.0	0.5625 0.0625	0.59375 0.125	0.59375 0.0625
0	1.0 1.0	0.59375 0.0625	0.59375 0.125	0.625 0.125
0	1.0 1.0	0.59375 0.0625	0.625 0.125	0.625 0.0625
0	1.0 1.0	0.625 0.0625	0.625 0.125	0.65625 0.125
0	1.0 1.0	0.625 0.0625	0.65625 0.125	0.65625 0.0625
0	1.0 1.0	0.65625 0.0625	0.65625 0.125	0.6875 0.125
0	1.0 1.0	0.65625 0.0625	0.6875 0.125	0.6875 0.0625
0	1.0 1.0	0.6875 0.0625	0.6875 0.125	0.71875 0.125
0	1.0 1.0	0.6875 0.0625	0.71875 0.125	0.71875 0.0625
0	1.0 1.0	0.71875 0.0625	0.71875 0.125	0.75 0.125
0	1.0 1.0	0.71875 0.0625	0.75 0.125	0.75 0.0625
0	1.0 1.0	0.75 0.0625	0.75 0.125	0.78125 0.125
0	1.0 1.0	0.75 0.0625	0.78125 0.125	0.78125 0.0625
0	1.0 1.0	0.78125 0.0625	0.78125 0.125	0.8125 0.125
0	1.0 1.0	0.78125 0.0625	0.8125 0.125	0.8125 0.0625
0	1.0 1.0	0.8125 0.0625	0.8125 0.125	0.84375 0.125
0	1.0 1.0	0.8125 0.0625	0.84375 0.125	0.84375 0.0625
0	1.0 1.0	0.84375 0.0625	0.84375 0.125	0.875 0.125
0	1.0 1.0	0.84375 0.0625	0.875 0.125	0.875 0.0625
0	1.0 1.0	0.875 0.0625	0.875 0.125	0.90625 0.125
0	1.0 1.0	0.875 0.0625	0.90625 0.125	0.90625 0.0625
0	1.0 1.0	0.90625 0.0625	0.90625 0.125	0.9375 0.125
0	1.0 1.0	0.90625 0.0625	0.9375 0.125	0.9375 0.0625
0	1.0 1.0	0.9375 0.0625	0.9375 0.125	0.96875 0.125
0	1.0 1.0	0.9375 0.0625	0.96875 0.125	0.96875 0.0625
0	1.0 1.0	0.96875 0.0625	0.96875 0.125	1 0.125
0	1.0 1.0	0.96875 0.0625	1 0.125	1 0.0625
0	1.0 1.0	0 0.125	0 0.1875	0.03125 0.1875
0	1.0 1.0	0 0.125	0.03125 0.1875	0.03125 0.125
0	1.0 1.0	0.03125 0.125	0.03125 0.1875	0.0625 0.1875
0	1.0 1.0	0.03125 0.125	0.0625 0.1875	0.0625 0.125
0	1.0 1.0	0.0625 0.125	0.0625 0.1875	0.09375 0.1875
0	1.0 1.0	0.0625 0.125	0.09375 0.1875	0.09375 0.125
0	1.0 1.0	0.09375 0.125	0.09375 0.1875	0.125 0.1875
0	1.0 1.0	0.09375 0.125	0.125 0.1875	0.125 0.125
0	1.0 1.0	0.125 0.125	0.125 0.1875	0.15625 0.1875
0	1.0 1.0	0.125 0.125	0.15625 0.1875	0.15625 0.125
0	1.0 1.0	0.15625 0.125	0.15625 0.1875	0.1875 0.1875
0	1.0 1.0	0.15625 0.125	0.1875 0.1875	0.1875 0.125
0	1.0 1.0	0.1875 0.125	0.1875 0.1875	0.21875 0.1875
0	1.0 1.0	0.1875 0.125	0.21875 0.1875	0.21875 0.125
0	1.0 1.0	0.21875 0.125	0.21875 0.1875	0.25 0.1875
0	1.0 1.0	0.21875 0.125	0.25 0.1875	0.25 0.125
0	1.0 1.0	0.25 0.125	0.25 0.1875	0.28125 0.1875
0	1.0 1.0	0.25 0.125	0.28125 0.1875	0.28125 0.125
0	1.0 1.0	0.28125 0.125	0.28125 0.1875	0.3125 0.1875
0	1.0 1.0	0.28125 0.125	0.3125 0.1875	0.3125 0.125
0	1.0 1.0	0.3125 0.125	0.3125 0.1875	0.34375 0.1875
0	1.0 1.0	0.3125 0.125	0.34375 0.1875	0.34375 0.125
0	1.0 1.0	0.34375 0.125	0.34375 0.1875	0.375 0.1875
0	1.0 1.0	0.34375 0.125	0.375 0.1875	0.375 0.125
0	1.0 1.0	0.375 0.125	0.375 0.1875	0.40625 0.1875
0	1.0 1.0	0.375 0.125	0.40625 0.1875	0.40625 0.125
0	1.0 1.0	0.40625 0.125	0.40625 0.1875	0.4375 0.1875
0	1.0 1.0	0.40625 0.125	0.4375 0.1875	0.4375 0.125
0	1.0 1.0	0.4375 0.125	0.4375 0.1875	0.46875 0.1875
0	1.0 1.0	0.4375 0.125	0.46875 0.1875	0.46875 0.125
0	1.0 1.0	0.46875 0.125	0.46875 0.1875	0.5 0.1875
0	1.0 1.0	0.46875 0.125	0.5 0.1875	0.5 0.125
0	1.0 1.0	0.5 0.125	0.5 0.1875	0.53125 0.1875
0	1.0 1.0	0.5 0.125	0.53125 0.1875	0.53125 0.125
0	1.0 1.0	0.53125 0.125	0.53125 0.1875	0.5625 0.1875
0	1.0 1.0	0.53125 0.125	0.5625 0.1875	0.5625 0.125
0	1.0 1.0	0.5625 0.125	0.5625 0.1875	0.59375 0.1875
0	1.0 1.0	0.5625 0.125	0.59375 0.1875	0.59375 0.125
0	1.0 1.0	0.59375 0.125	0.59375 0.1875	0.625 0.1875
0	1.0 1.0	0.59375 0.125	0.625 0.1875	0.625 0.125
0	1.0 1.0	0.625 0.125	0.625 0.1875	0.65625 0.1875
0	1.0 1.0	0.625 0.125	0.65625 0.1875	0.65625 0.125
0	1.0 1.0	0.65625 0.125	0.65625 0.1875	0.6875 0.1875
0	1.0 1.0	0.65625 0.125	0.6875 0.1875	0.6875 0.125
0	1.0 1.0	0.6875 0.125	0.6875 0.1875	0.71875 0.1875
0	1.0 1.0	0.6875 0.125	0.71875 0.1875	0.71875 0.125
0	1.0 1.0	0.71875 0.125	0.71875 0.1875	0.75 0.1875
0	1.0 1.0	0.71875 0.125	0.75 0.1875	0.75 0.125
0	1.0 1.0	0.75 0.125	0.75 0.1875	0.78125 0.1875
0	1.0 1.0	0.75 0.125	0.78125 0.1875	0.78125 0.125
0	1.0 1.0	0.78125 0.125	0.78125 0.1875	0.8125 0.1875
0	1.0 1.0	0.78125 0.125	0.8125 0.1875	0.8125 0.125
0	1.0 1.0	0.8125 0.125	0.8125 0.1875	0.84375 0.1875
0	1.0 1.0	0.8125 0.125	0.84375 0.1875	0.84375 0.125
0	1.0 1.0	0.84375 0.125	0.84375 0.1875	0.875 0.1875
0	1.0 1.0	0.84375 0.125	0.875 0.1875	0.875 0.125
0	1.0 1.0	0.875 0.125	0.875 0.1875	0.90625 0.1875
0	1.0 1.0	0.875 0.125	0.90625 0.1875	0.90625 0.125
0	1.0 1.0	0.90625 0.125	0.90625 0.1875	0.9375 0.1875
0	1.0 1.0	0.90625 0.125	0.9375 0.1875	0.9375 0.125
0	1.0 1.0	0.9375 0.125	0.9375 0.1875	0.96875 0.1875
0	1.0 1.0	0.9375 0.125	0.96875 0.1875	0.96875 0.125
0	1.0 1.0	0.96875 0.125	0.96875 0.1875	1 0.1875
0	1.0 1.0	0.96875 0.125	1 0.1875	1 0.125
0	1.0 1.0	0 0.1875	0 0.25	0.03125 0.25
0	1.0 1.0	0 0.1875	0.03125 0.25	0.03125 0.1875
0	1.0 1.0	0.03125 0.1875	0.03125 0.25	0.0625 0.25
0	1.0 1.0	0.03125 0.1875	0.0625 0.25	0.0625 0.1875
0	1.0 1.0	0.0625 0.1875	0.0625 0.25	0.09375 0.25
0	1.0 1.0	0.0625 0.1875	0.09375 0.25	0.09375 0.1875
0	1.0 1.0	0.09375 0.1875	0.09375 0.25	0.125 0.25
0	1.0 1.0	0.09375 0.1875	0.125 0.25	0.125 0.1875
0	1.0 1.0	0.125 0.1875	0.125 0.25	0.15625 0.25
0	1.0 1.0	0.125 0.1875	0.15625 0.25	0.15625 0.1875
0	1.0 1.0	0.15625 0.1875	0.15625 0.25	0.1875 0.25
0	1.0 1.0	0.15625 0.1875	0.1875 0.25	0.1875 0.1875
0	1.0 1.0	0.1875 0.1875	0.1875 0.25	0.21875 0.25
0	1.0 1.0	0.1875 0.1875	0.21875 0.25	0.21875 0.1875
0	1.0 1.0	0.21875 0.1875	0.21875 0.25	0.25 0.25
0	1.0 1.0	0.21875 0.1875	0.25 0.25	0.25 0.1875
0	1.0 1.0	0.25 0.1875	0.25 0.25	0.28125 0.25
0	1.0 1.0	0.25 0.1875	0.28125 0.25	0.28125 0.1875
0	1.0 1.0	0.28125 0.1875	0.28125 0.25	0.3125 0.25
0	1.0 1.0	0.28125 0.1875	0.3125 0.25	0.3125 0.1875
0	1.0 1.0	0.3125 0.1875	0.3125 0.25	0.34375 0.25
0	1.0 1.0	0.3125 0.1875	0.34375 0.25	0.34375 0.1875
0	1.0 1.0	0.34375 0.1875	0.34375 0.25	0.375 0.25
0	1.0 1.0	0.34375 0.1875	0.375 0.25	0.375 0.1875
0	1.0 1.0	0.375 0.1875	0.375 0.25	0.40625 0.25
0	1.0 1.0	0.375 0.1875	0.40625 0.25	0.40625 0.1875
0	1.0 1.0	0.40625 0.1875	0.40625 0.25	0.4375 0.25
0	1.0 1.0	0.40625 0.1875	0.4375 0.25	0.4375 0.1875
0	1.0 1.0	0.4375 0.1875	0.4375 0.25	0.46875 0.25
0	1.0 1.0	0.4375 0.1875	0.46875 0.25	0.46875 0.1875
0	1.0 1.0	0.46875 0.1875	0.46875 0.25	0.5 0.25
0	1.0 1.0	0.46875 0.1875	0.5 0.25	0.5 0.1875
0	1.0 1.0	0.5 0.1875	0.5 0.25	0.53125 0.25
0	1.0 1.0	0.5 0.1875	0.53125 0.25	0.53125 0.1875
0	1.0 1.0	0.53125 0.1875	0.53125 0.25	0.5625 0.25
0	1.0 1.0	0.53125 0.1875	0.5625 0.25	0.5625 0.1875
0	1.0 1.0	0.5625 0.1875	0.5625 0.25	0.59375 0.25
0	1.0 1.0	0.5625 0.1875	0.59375 0.25	0.59375 0.1875
0	1.0 1.0	0.59375 0.1875	0.59375 0.25	0.625 0.25
0	1.0 1.0	0.59375 0.1875	0.625 0.25	0.625 0.1875
0	1.0 1.0	0.625 0.1875	0.625 0.25	0.65625 0.25
0	1.0 1.0	0.625 0.1875	0.65625 0.25	0.65625 0.1875
0	1.0 1.0	0.65625 0.1875	0.65625 0.25	0.6875 0.25
0	1.0 1.0	0.65625 0.1875	0.6875 0.25	0.6875 0.1875
0	1.0 1.0	0.6875 0.1875	0.6875 0.25	0.71875 0.25
0	1.0 1.0	0.6875 0.1875	0.71875 0.25	0.71875 0.1875
0	1.0 1.0	0.71875 0.1875	0.71875 0.25	0.75 0.25
0	1.0 1.0	0.71875 0.1875	0.75 0.25	0.75 0.1875
0	1.0 1.0	0.75 0.1875	0.75 0.25	0.78125 0.25
0	1.0 1.0	0.75 0.1875	0.78125 0.25	0.78125 0.1875
0	1.0 1.0	0.78125 0.1875	0.78125 0.25	0.8125 0.25
0	1.0 1.0	0.78125 0.1875	0.8125 0.25	0.8125 0.1875
0	1.0 1.0	0.8125 0.1875	0.8125 0.25	0.84375 0.25
0	1.0 1.0	0.8125 0.1875	0.84375 0.25	0.84375 0.1875
0	1.0 1.0	0.84375 0.1875	0.84375 0.25	0.875 0.25
0	1.0 1.0	0.84375 0.1875	0.875 0.25	0.875 0.1875
0	1.0 1.0	0.875 0.1875	0.875 0.25	0.90625 0.25
0	1.0 1.0	0.875 0.1875	0.90625 0.25	0.90625 0.1875
0	1.0 1.0	0.90625 0.1875	0.90625 0.25	0.9375 0.25
0	1.0 1.0	0.90625 0.1875	0.9375 0.25	0.9375 0.1875
0	1.0 1.0	0.9375 0.1875	0.9375 0.25	0.96875 0.25
0	1.0 1.0	0.9375 0.1875	0.96875 0.25	0.96875 0.1875
0	1.0 1.0	0.96875 0.1875	0.96875 0.25	1 0.25
0	1.0 1.0	0.96875 0.1875	1 0.25	1 0.1875
0	1.0 1.0	0 0.25	0 0.3125	0.03125 0.3125
0	1.0 1.0	0 0.25	0.03125 0.3125	0.03125 0.25
0	1.0 1.0	0.03125 0.25	0.03125 0.3125	0.0625 0.3125
0	1.0 1.0	0.03125 0.25	0.0625 0.3125	0.0625 0.25
0	1.0 1.0	0.0625 0.25	0.0625 0.3125	0.09375 0.3125
0	1.0 1.0	0.0625 0.25	0.09375 0.3125	0.09375 0.25
0	1.0 1.0	0.09375 0.25	0.09375 0.3125	0.125 0.3125
0	1.0 1.0	0.09375 0.25	0.125 0.3125	0.125 0.25
0	1.0 1.0	0.125 0.25	0.125 0.3125	0.15625 0.3125
0	1.0 1.0	0.125 0.25	0.15625 0.3125	0.15625 0.25
0	1.0 1.0	0.15625 0.25	0.15625 0.3125	0.1875 0.3125
0	1.0 1.0	0.15625 0.25	0.1875 0.3125	0.1875 0.25
0	1.0 1.0	0.1875 0.25	0.1875 0.3125	0.21875 0.3125
0	1.0 1.0	0.1875 0.25	0.21875 0.3125	0.21875 0.25
0	1.0 1.0	0.21875 0.25	0.21875 0.3125	0.25 0.3125
0	1.0 1.0	0.21875 0.25	0.25 0.3125	0.25 0.25
0	1.0 1.0	0.25 0.25	0.25 0.3125	0.28125 0.3125
0	1.0 1.0	0.25 0.25	0.28125 0.3125	0.28125 0.25
0	1.0 1.0	0.28125 0.25	0.28125 0.3125	0.3125 0.3125
0	1.0 1.0	0.28125 0.25	0.3125 0.3125	0.3125 0.25
0	1.0 1.0	0.3125 0.25	0.3125 0.3125	0.34375 0.3125
0	1.0 1.0	0.3125 0.25	0.34375 0.3125	0.34375 0.25
0	1.0 1.0	0.34375 0.25	0.34375 0.3125	0.375 0.3125
0	1.0 1.0	0.34375 0.25	0.375 0.3125	0.375 0.25
0	1.0 1.0	0.375 0.25	0.375 0.3125	0.40625 0.3125
0	1.0 1.0	0.375 0.25	0.40625 0.3125	0.40625 0.25
0	1.0 1.0	0.40625 0.25	0.40625 0.3125	0.4375 0.3125
0	1.0 1.0	0.40625 0.25	0.4375 0.3125	0.4375 0.25
0	1.0 1.0	0.4375 0.25	0.4375 0.3125	0.46875 0.3125
0	1.0 1.0	0.4375 0.25	0.46875 0.3125	0.46875 0.25
0	1.0 1.0	0.46875 0.25	0.46875 0.3125	0.5 0.3125
0	1.0 1.0	0.46875 0.25	0.5 0.3125	0.5 0.25
0	1.0 1.0	0.5 0.25	0.5 0.3125	0.53125 0.3125
0	1.0 1.0	0.5 0.25	0.53125 0.3125	0.53125 0.25
0	1.0 1.0	0.53125 0.25	0.53125 0.3125	0.5625 0.3125
0	1.0 1.0	0.53125 0.25	0.5625 0.3125	0.5625 0.25
0	1.0 1.0	0.5625 0.25	0.5625 0.3125	0.59375 0.3125
0	1.0 1.0	0.5625 0.25	0.59375 0.3125	0.59375 0.25
0	1.0 1.0	0.59375 0.25	0.59375 0.3125	0.625 0.3125
0	1.0 1.0	0.59375 0.25	0.625 0.3125	0.625 0.25
0	1.0 1.0	0.625 0.25	0.625 0.3125	0.65625 0.3125
0	1.0 1.0	0.625 0.25	0.65625 0.3125	0.65625 0.25
0	1.0 1.0	0.65625 0.25	0.65625 0.3125	0.6875 0.3125
0	1.0 1.0	0.65625 0.25	0.6875 0.3125	0.6875 0.25
0	1.0 1.0	0.6875 0.25	0.6875 0.3125	0.71875 0.3125
0	1.0 1.0	0.6875 0.25	0.71875 0.3125	0.71875 0.25
0	1.0 1.0	0.71875 0.25	0.71875 0.3125	0.75 0.3125
0	1.0 1.0	0.71875 0.25	0.75 0.3125	0.75 0.25
0	1.0 1.0	0.75 0.25	0.75 0.3125	0.78125 0.3125
0	1.0 1.0	0.75 0.25	0.78125 0.3125	0.78125 0.25
0	1.0 1.0	0.78125 0.25	0.78125 0.3125	0.8125 0.3125
0	1.0 1.0	0.78125 0.25	0.8125 0.3125	0.8125 0.25
0	1.0 1.0	0.8125 0.25	0.8125 0.3125	0.84375 0.3125
0	1.0 1.0	0.8125 0.25	0.84375 0.3125	0.84375 0.25
0	1.0 1.0	0.84375 0.25	0.84375 0.3125	0.875 0.3125
0	1.0 1.0	0.84375 0.25	0.875 0.3125	0.875 0.25
0	1.0 1.0	0.875 0.25	0.875 0.3125	0.90625 0.3125
0	1.0 1.0	0.875 0.25	0.90625 0.3125	0.90625 0.25
0	1.0 1.0	0.90625 0.25	0.90625 0.3125	0.9375 0.3125
0	1.0 1.0	0.90625 0.25	0.9375 0.3125	0.9375 0.25
0	1.0 1.0	0.9375 0.25	0.9375 0.3125	0.96875 0.3125
0	1.0 1.0	0.9375 0.25	0.96875 0.3125	0.96875 0.25
0	1.0 1.0	0.96875 0.25	0.96875 0.3125	1 0.3125
0	1.0 1.0	0.96875 0.25	1 0.3125	1 0.25
0	1.0 1.0	0 0.3125	0 0.375	0.03125 0.375
0	1.0 1.0	0 0.3125	0.03125 0.375	0.03125 0.3125
0	1.0 1.0	0.03125 0.3125	0.03125 0.375	0.0625 0.375
0	1.0 1.0	0.03125 0.3125	0.0625 0.375	0.0625 0.3125
0	1.0 1.0	0.0625 0.3125	0.0625 0.375	0.09375 0.375
0	1.0 1.0	0.0625 0.3125	0.09375 0.375	0.09375 0.3125
0	1.0 1.0	0.09375 0.3125	0.09375 0.375	0.125 0.375
0	1.0 1.0	0.09375 0.3125	0.125 0.375	0.125 0.3125
0	1.0 1.0	0.125 0.3125	0.125 0.375	0.15625 0.375
0	1.0 1.0	0.125 0.3125	0.15625 0.375	0.15625 0.3125
0	1.0 1.0	0.15625 0.3125	0.15625 0.375	0.1875 0.375
0	1.0 1.0	0.15625 0.3125	0.1875 0.375	0.1875 0.3125
0	1.0 1.0	0.1875 0.3125	0.1875 0.375	0.21875 0.375
0	1.0 1.0	0.1875 0.3125	0.21875 0.375	0.21875 0.3125
0	1.0 1.0	0.21875 0.3125	0.21875 0.375	0.25 0.375
0	1.0 1.0	0.21875 0.3125	0.25 0.375	0.25 0.3125
0	1.0 1.0	0.25 0.3125	0.25 0.375	0.28125 0.375
0	1.0 1.0	0.25 0.3125	0.28125 0.375	0.28125 0.3125
0	1.0 1.0	0.28125 0.3125	0.28125 0.375	0.3125 0.375
0	1.0 1.0	0.28125 0.3125	0.3125 0.375	0.3125 0.3125
0	1.0 1.0	0.3125 0.3125	0.3125 0.375	0.34375 0.375
0	1.0 1.0	0.3125 0.3125	0.34375 0.375	0.34375 0.3125
0	1.0 1.0	0.34375 0.3125	0.34375 0.375	0.375 0.375
0	1.0 1.0	0.34375 0.3125	0.375 0.375	0.375 0.3125
0	1.0 1.0	0.375 0.3125	0.375 0.375	0.40625 0.375
0	1.0 1.0	0.375 0.3125	0.40625 0.375	0.40625 0.3125
0	1.0 1.0	0.40625 0.3125	0.40625 0.375	0.4375 0.375
0	1.0 1.0	0.40625 0.3125	0.4375 0.375	0.4375 0.3125
0	1.0 1.0	0.4375 0.3125	0.4375 0.375	0.46875 0.375
0	1.0 1.0	0.4375 0.3125	0.46875 0.375	0.46875 0.3125
0	1.0 1.0	0.46875 0.3125	0.46875 0.375	0.5 0.375
0	1.0 1.0	0.46875 0.3125	0.5 0.375	0.5 0.3125
0	1.0 1.0	0.5 0.3125	0.5 0.375	0.53125 0.375
0	1.0 1.0	0.5 0.3125	0.53125 0.375	0.53125 0.3125
0	1.0 1.0	0.53125 0.3125	0.53125 0.375	0.5625 0.375
0	1.0 1.0	0.53125 0.3125	0.5625 0.375	0.5625 0.3125
0	1.0 1.0	0.5625 0.3125	0.5625 0.375	0.59375 0.375
0	1.0 1.0	0.5625 0.3125	0.59375 0.375	0.59375 0.3125
0	1.0 1.0	0.59375 0.3125	0.59375 0.375	0.625 0.375
0	1.0 1.0	0.59375 0.3125	0.625 0.375	0.625 0.3125
0	1.0 1.0	0.625 0.3125	0.625 0.375	0.65625 0.375
0	1.0 1.0	0.625 0.3125	0.65625 0.375	0.65625 0.3125
0	1.0 1.0	0.65625 0.3125	0.65625 0.375	0.6875 0.375
0	1.0 1.0	0.65625 0.3125	0.6875 0.375	0.6875 0.3125
0	1.0 1.0	0.6875 0.3125	0.6875 0.375	0.71875 0.375
0	1.0 1.0	0.6875 0.3125	0.71875 0.375	0.71875 0.3125
0	1.0 1.0	0.71875 0.3125	0.71875 0.375	0.75 0.375
0	1.0 1.0	0.71875 0.3125	0.75 0.375	0.75 0.3125
0	1.0 1.0	0.75 0.3125	0.75 0.375	0.78125 0.375
0	1.0 1.0	0.75 0.3125	0.78125 0.375	0.78125 0.3125
0	1.0 1.0	0.78125 0.3125	0.78125 0.375	0.8125 0.375
0	1.0 1.0	0.78125 0.3125	0.8125 0.375	0.8125 0.3125
0	1.0 1.0	0.8125 0.3125	0.8125 0.375	0.84375 0.375
0	1.0 1.0	0.8125 0.3125	0.84375 0.375	0.84375 0.3125
0	1.0 1.0	0.84375 0.3125	0.84375 0.375	0.875 0.375
0	1.0 1.0	0.84375 0.3125	0.875 0.375	0.875 0.3125
0	1.0 1.0	0.875 0.3125	0.875 0.375	0.90625 0.375
0	1.0 1.0	0.875 0.3125	0.90625 0.375	0.90625 0.3125
0	1.0 1.0	0.90625 0.3125	0.90625 0.375	0.9375 0.375
0	1.0 1.0	0.90625 0.3125	0.9375 0.375	0.9375 0.3125
0	1.0 1.0	0.9375 0.3125	0.9375 0.375	0.96875 0.375
0	1.0 1.0	0.9375 0.3125	0.96875 0.375	0.96875 0.3125
0	1.0 1.0	0.96875 0.3125	0.96875 0.375	1 0.375
0	1.0 1.0	0.96875 0.3125	1 0.375	1 0.3125
0	1.0 1.0	0 0.375	0 0.4375	0.03125 0.4375
0	1.0 1.0	0 0.375	0.03125 0.4375	0.03125 0.375
0	1.0 1.0	0.03125 0.375	0.03125 0.4375	0.0625 0.4375
0	1.0 1.0	0.03125 0.375	0.0625 0.4375	0.0625 0.375
0	1.0 1.0	0.0625 0.375	0.0625 0.4375	0.09375 0.4375
0	1.0 1.0	0.0625 0.375	0.09375 0.4375	0.09375 0.375
0	1.0 1.0	0.09375 0.375	0.09375 0.4375	0.125 0.4375
0	1.0 1.0	0.09375 0.375	0.125 0.4375	0.125 0.375
0	1.0 1.0	0.125 0.375	0.125 0.4375	0.15625 0.4375
0	1.0 1.0	0.125 0.375	0.15625 0.4375	0.15625 0.375
0	1.0 1.0	0.15625 0.375	0.15625 0.4375	0.1875 0.4375
0	1.0 1.0	0.15625 0.375	0.1875 0.4375	0.1875 0.375
0	1.0 1.0	0.1875 0.375	0.1875 0.4375	0.21875 0.4375
0	1.0 1.0	0.1875 0.375	0.21875 0.4375	0.21875 0.375
0	1.0 1.0	0.21875 0.375	0.21875 0.4375	0.25 0.4375
0	1.0 1.0	0.21875 0.375	0.25 0.4375	0.25 0.375
0	1.0 1.0	0.25 0.375	0.25 0.4375	0.28125 0.4375
0	1.0 1.0	0.25 0.375	0.28125 0.4375	0.28125 0.375
0	1.0 1.0	0.28125 0.375	0.28125 0.4375	0.3125 0.4375
0	1.0 1.0	0.28125 0.375	0.3125 0.4375	0.3125 0.375
0	1.0 1.0	0.3125 0.375	0.3125 0.4375	0.34375 0.4375
0	1.0 1.0	0.3125 0.375	0.34375 0.4375	0.34375 0.375
0	1.0 1.0	0.34375 0.375	0.34375 0.4375	0.375 0.4375
0	1.0 1.0	0.34375 0.375	0.375 0.4375	0.375 0.375
0	1.0 1.0	0.375 0.375	0.375 0.4375	0.40625 0.4375
0	1.0 1.0	0.375 0.375	0.40625 0.4375	0.40625 0.375
0	1.0 1.0	0.40625 0.375	0.40625 0.4375	0.4375 0.4375
0	1.0 1.0	0.40625 0.375	0.4375 0.4375	0.4375 0.375
0	1.0 1.0	0.4375 0.375	0.4375 0.4375	0.46875 0.4375
0	1.0 1.0	0.4375 0.375	0.46875 0.4375	0.46875 0.375
0	1.0 1.0	0.46875 0.375	0.46875 0.4375	0.5 0.4375
0	1.0 1.0	0.46875 0.375	0.5 0.4375	0.5 0.375
0	1.0 1.0	0.5 0.375	0.5 0.4375	0.53125 0.4375
0	1.0 1.0	0.5 0.375	0.53125 0.4375	0.53125 0.375
0	1.0 1.0	0.53125 0.375	0.53125 0.4375	0.5625 0.4375
0	1.0 1.0	0.53125 0.375	0.5625 0.4375	0.5625 0.375
0	1.0 1.0	0.5625 0.375	0.5625 0.4375	0.59375 0.4375
0	1.0 1.0	0.5625 0.375	0.59375 0.4375	0.59375 0.375
0	1.0 1.0	0.59375 0.375	0.59375 0.4375	0.625 0.4375
0	1.0 1.0	0.59375 0.375	0.625 0.4375	0.625 0.375
0	1.0 1.0	0.625 0.375	0.625 0.4375	0.65625 0.4375
0	1.0 1.0	0.625 0.375	0.65625 0.4375	0.65625 0.375
0	1.0 1.0	0.65625 0.375	0.65625 0.4375	0.6875 0.4375
0	1.0 1.0	0.65625 0.375	0.6875 0.4375	0.6875 0.375
0	1.0 1.0	0.6875 0.375	0.6875 0.4375	0.71875 0.4375
0	1.0 1.0	0.6875 0.375	0.71875 0.4375	0.71875 0.375
0	1.0 1.0	0.71875 0.375	0.71875 0.4375	0.75 0.4375
0	1.0 1.0	0.71875 0.375	0.75 0.4375	0.75 0.375
0	1.0 1.0	0.75 0.375	0.75 0.4375	0.78125 0.4375
0	1.0 1.0	0.75 0.375	0.78125 0.4375	0.78125 0.375
0	1.0 1.0	0.78125 0.375	0.78125 0.4375	0.8125 0.4375
0	1.0 1.0	0.78125 0.375	0.8125 0.4375	0.8125 0.375
0	1.0 1.0	0.8125 0.375	0.8125 0.4375	0.84375 0.4375
0	1.0 1.0	0.8125 0.375	0.84375 0.4375	0.84375 0.375
0	1.0 1.0	0.84375 0.375	0.84375 0.4375	0.875 0.4375
0	1.0 1.0	0.84375 0.375	0.875 0.4375	0.875 0.375
0	1.0 1.0	0.875 0.375	0.875 0.4375	0.90625 0.4375
0	1.0 1.0	0.875 0.375	0.90625 0.4375	0.90625 0.375
0	1.0 1.0	0.90625 0.375	0.90625 0.4375	0.9375 0.4375
0	1.0 1.0	0.90625 0.375	0.9375 0.4375	0.9375 0.375
0	1.0 1.0	0.9375 0.375	0.9375 0.4375	0.96875 0.4375
0	1.0 1.0	0.9375 0.375	0.96875 0.4375	0.96875 0.375
0	1.0 1.0	0.96875 0.375	0.96875 0.4375	1 0.4375
0	1.0 1.0	0.96875 0.375	1 0.4375	1 0.375
0	1.0 1.0	0 0.4375	0 0.5	0.03125 0.5
0	1.0 1.0	0 0.4375	0.03125 0.5	0.03125 0.4375
0	1.0 1.0	0.03125 0.4375	0.03125 0.5	0.0625 0.5
0	1.0 1.0	0.03125 0.4375	0.0625 0.5	0.0625 0.4375
0	1.0 1.0	0.0625 0.4375	0.0625 0.5	0.09375 0.5
0	1.0 1.0	0.0625 0.4375	0.09375 0.5	0.09375 0.4375
0	1.0 1.0	0.09375 0.4375	0.09375 0.5	0.125 0.5
0	1.0 1.0	0.09375 0.4375	0.125 0.5	0.125 0.4375
0	1.0 1.0	0.125 0.4375	0.125 0.5	0.15625 0.5
0	1.0 1.0	0.125 0.4375	0.15625 0.5	0.15625 0.4375
0	1.0 1.0	0.15625 0.4375	0.15625 0.5	0.1875 0.5
0	1.0 1.0	0.15625 0.4375	0.1875 0.5	0.1875 0.4375
0	1.0 1.0	0.1875 0.4375	0.1875 0.5	0.21875 0.5
0	1.0 1.0	0.1875 0.4375	0.21875 0.5	0.21875 0.4375
0	1.0 1.0	0.21875 0.4375	0.21875 0.5	0.25 0.5
0	1.0 1.0	0.21875 0.4375	0.25 0.5	0.25 0.4375
0	1.0 1.0	0.25 0.4375	0.25 0.5	0.28125 0.5
0	1.0 1.0	0.25 0.4375	0.28125 0.5	0.28125 0.4375
0	1.0 1.0	0.28125 0.4375	0.28125 0.5	0.3125 0.5
0	1.0 1.0	0.28125 0.4375	0.3125 0.5	0.3125 0.4375
0	1.0 1.0	0.3125 0.4375	0.3125 0.5	0.34375 0.5
0	1.0 1.0	0.3125 0.4375	0.34375 0.5	0.34375 0.4375
0	1.0 1.0	0.34375 0.4375	0.34375 0.5	0.375 0.5
0	1.0 1.0	0.34375 0.4375	0.375 0.5	0.375 0.4375
0	1.0 1.0	0.375 0.4375	0.375 0.5	0.40625 0.5
0	1.0 1.0	0.375 0.4375	0.40625 0.5	0.40625 0.4375
0	1.0 1.0	0.40625 0.4375	0.40625 0.5	0.4375 0.5
0	1.0 1.0	0.40625 0.4375	0.4375 0.5	0.4375 0.4375
0	1.0 1.0	0.4375 0.4375	0.4375 0.5	0.46875 0.5
0	1.0 1.0	0.4375 0.4375	0.46875 0.5	0.46875 0.4375
0	1.0 1.0	0.46875 0.4375	0.46875 0.5	0.5 0.5
0	1.0 1.0	0.46875 0.4375	0.5 0.5	0.5 0.4375
0	1.0 1.0	0.5 0.4375	0.5 0.5	0.53125 0.5
0	1.0 1.0	0.5 0.4375	0.53125 0.5	0.53125 0.4375
0	1.0 1.0	0.53125 0.4375	0.53125 0.5	0.5625 0.5
0	1.0 1.0	0.53125 0.4375	0.5625 0.5	0.5625 0.4375
0	1.0 1.0	0.5625 0.4375	0.5625 0.5	0.59375 0.5
0	1.0 1.0	0.5625 0.4375	0.59375 0.5	0.59375 0.4375
0	1.0 1.0	0.59375 0.4375	0.59375 0.5	0.625 0.5
0	1.0 1.0	0.59375 0.4375	0.625 0.5	0.625 0.4375
0	1.0 1.0	0.625 0.4375	0.625 0.5	0.65625 0.5
0	1.0 1.0	0.625 0.4375	0.65625 0.5	0.65625 0.4375
0	1.0 1.0	0.65625 0.4375	0.65625 0.5	0.6875 0.5
0	1.0 1.0	0.65625 0.4375	0.6875 0.5	0.6875 0.4375
0	1.0 1.0	0.6875 0.4375	0.6875 0.5	0.71875 0.5
0	1.0 1.0	0.6875 0.4375	0.71875 0.5	0.71875 0.4375
0	1.0 1.0	0.71875 0.4375	0.71875 0.5	0.75 0.5
0	1.0 1.0	0.71875 0.4375	0.75 0.5	0.75 0.4375
0	1.0 1.0	0.75 0.4375	0.75 0.5	0.78125 0.5
0	1.0 1.0	0.75 0.4375	0.78125 0.5	0.78125 0.4375
0	1.0 1.0	0.78125 0.4375	0.78125 0.5	0.8125 0.5
0	1.0 1.0	0.78125 0.4375	0.8125 0.5	0.8125 0.4375
0	1.0 1.0	0.8125 0.4375	0.8125 0.5	0.84375 0.5
0	1.0 1.0	0.8125 0.4375	0.84375 0.5	0.84375 0.4375
0	1.0 1.0	0.84375 0.4375	0.84375 0.5	0.875 0.5
0	1.0 1.0	0.84375 0.4375	0.875 0.5	0.875 0.4375
0	1.0 1.0	0.875 0.4375	0.875 0.5	0.90625 0.5
0	1.0 1.0	0.875 0.4375	0.90625 0.5	0.90625 0.4375
0	1.0 1.0	0.90625 0.4375	0.90625 0.5	0.9375 0.5
0	1.0 1.0	0.90625 0.4375	0.9375 0.5	0.9375 0.4375
0	1.0 1.0	0.9375 0.4375	0.9375 0.5	0.96875 0.5
0	1.0 1.0	0.9375 0.4375	0.96875 0.5	0.96875 0.4375
0	1.0 1.0	0.96875 0.4375	0.96875 0.5	1 0.5
0	1.0 1.0	0.96875 0.4375	1 0.5	1 0.4375
0	1.0 1.0	0 0.5	0 0.5625	0.03125 0.5625
0	1.0 1.0	0 0.5	0.03125 0.5625	0.03125 0.5
0	1.0 1.0	0.03125 0.5	0.03125 0.5625	0.0625 0.5625
0	1.0 1.0	0.03125 0.5	0.0625 0.5625	0.0625 0.5
0	1.0 1.0	0.0625 0.5	0.0625 0.5625	0.09375 0.5625
0	1.0 1.0	0.0625 0.5	0.09375 0.5625	0.09375 0.5
0	1.0 1.0	0.09375 0.5	0.09375 0.5625	0.125 0.5625
0	1.0 1.0	0.09375 0.5	0.125 0.5625	0.125 0.5
0	1.0 1.0	0.125 0.5	0.125 0.5625	0.15625 0.5625
0	1.0 1.0	0.125 0.5	0.15625 0.5625	0.15625 0.5
0	1.0 1.0	0.15625 0.5	0.15625 0.5625	0.1875 0.5625
0	1.0 1.0	0.15625 0.5	0.1875 0.5625	0.1875 0.5
0	1.0 1.0	0.1875 0.5	0.1875 0.5625	0.21875 0.5625
0	1.0 1.0	0.1875 0.5	0.21875 0.5625	0.21875 0.5
0	1.0 1.0	0.21875 0.5	0.21875 0.5625	0.25 0.5625
0	1.0 1.0	0.21875 0.5	0.25 0.5625	0.25 0.5
0	1.0 1.0	0.25 0.5	0.25 0.5625	0.28125 0.5625
0	1.0 1.0	0.25 0.5	0.28125 0.5625	0.28125 0.5
0	1.0 1.0	0.28125 0.5	0.28125 0.5625	0.3125 0.5625
0	1.0 1.0	0.28125 0.5	0.3125 0.5625	0.3125 0.5
0	1.0 1.0	0.3125 0.5	0.3125 0.5625	0.34375 0.5625
0	1.0 1.0	0.3125 0.5	0.34375 0.5625	0.34375 0.5
0	1.0 1.0	0.34375 0.5	0.34375 0.5625	0.375 0.5625
0	1.0 1.0	0.34375 0.5	0.375 0.5625	0.375 0.5
0	1.0 1.0	0.375 0.5	0.375 0.5625	0.40625 0.5625
0	1.0 1.0	0.375 0.5	0.40625 0.5625	0.40625 0.5
0	1.0 1.0	0.40625 0.5	0.40625 0.5625	0.4375 0.5625
0	1.0 1.0	0.40625 0.5	0.4375 0.5625	0.4375 0.5
0	1.0 1.0	0.4375 0.5	0.4375 0.5625	0.46875 0.5625
0	1.0 1.0	0.4375 0.5	0.46875 0.5625	0.46875 0.5
0	1.0 1.0	0.46875 0.5	0.46875 0.5625	0.5 0.5625
0	1.0 1.0	0.46875 0.5	0.5 0.5625	0.5 0.5
0	1.0 1.0	0.5 0.5	0.5 0.5625	0.53125 0.5625
0	1.0 1.0	0.5 0.5	0.53125 0.5625	0.53125 0.5
0	1.0 1.0	0.53125 0.5	0.53125 0.5625	0.5625 0.5625
0	1.0 1.0	0.53125 0.5	0.5625 0.5625	0.5625 0.5
0	1.0 1.0	0.5625 0.5	0.5625 0.5625	0.59375 0.5625
0	1.0 1.0	0.5625 0.5	0.59375 0.5625	0.59375 0.5
0	1.0 1.0	0.59375 0.5	0.59375 0.5625	0.625 0.5625
0	1.0 1.0	0.59375 0.5	0.625 0.5625	0.625 0.5
0	1.0 1.0	0.625 0.5	0.625 0.5625	0.65625 0.5625
0	1.0 1.0	0.625 0.5	0.65625 0.5625	0.65625 0.5
0	1.0 1.0	0.65625 0.5	0.65625 0.5625	0.6875 0.5625
0	1.0 1.0	0.65625 0.5	0.6875 0.5625	0.6875 0.5
0	1.0 1.0	0.6875 0.5	0.6875 0.5625	0.71875 0.5625
0	1.0 1.0	0.6875 0.5	0.71875 0.5625	0.71875 0.5
0	1.0 1.0	0.71875 0.5	0.71875 0.5625	0.75 0.5625
0	1.0 1.0	0.71875 0.5	0.75 0.5625	0.75 0.5
0	1.0 1.0	0.75 0.5	0.75 0.5625	0.78125 0.5625
0	1.0 1.0	0.75 0.5	0.78125 0.5625	0.78125 0.5
0	1.0 1.0	0.78125 0.5	0.78125 0.5625	0.8125 0.5625
0	1.0 1.0	0.78125 0.5	0.8125 0.5625	0.8125 0.5
0	1.0 1.0	0.8125 0.5	0.8125 0.5625	0.84375 0.5625
0	1.0 1.0	0.8125 0.5	0.84375 0.5625	0.84375 0.5
0	1.0 1.0	0.84375 0.5	0.84375 0.5625	0.875 0.5625
0	1.0 1.0	0.84375 0.5	0.875 0.5625	0.875 0.5
0	1.0 1.0	0.875 0.5	0.875 0.5625	0.90625 0.5625
0	1.0 1.0	0.875 0.5	0.90625 0.5625	0.90625 0.5
0	1.0 1.0	0.90625 0.5	0.90625 0.5625	0.9375 0.5625
0	1.0 1.0	0.90625 0.5	0.9375 0.5625	0.9375 0.5
0	1.0 1.0	0.9375 0.5	0.9375 0.5625	0.96875 0.5625
0	1.0 1.0	0.9375 0.5	0.96875 0.5625	0.96875 0.5
0	1.0 1.0	0.96875 0.5	0.96875 0.5625	1 0.5625
0	1.0 1.0	0.96875 0.5	1 0.5625	1 0.5
0	1.0 1.0	0 0.5625	0 0.625	0.03125 0.625
0	1.0 1.0	0 0.5625	0.03125 0.625	0.03125 0.5625
0	1.0 1.0	0.03125 0.5625	0.03125 0.625	0.0625 0.625
0	1.0 1.0	0.03125 0.5625	0.0625 0.625	0.0625 0.5625
0	1.0 1.0	0.0625 0.5625	0.0625 0.625	0.09375 0.625
0	1.0 1.0	0.0625 0.5625	0.09375 0.625	0.09375 0.5625
0	1.0 1.0	0.09375 0.5625	0.09375 0.625	0.125 0.625
0	1.0 1.0	0.09375 0.5625	0.125 0.625	0.125 0.5625
0	1.0 1.0	0.125 0.5625	0.125 0.625	0.15625 0.625
0	1.0 1.0	0.125 0.5625	0.15625 0.625	0.15625 0.5625
0	1.0 1.0	0.15625 0.5625	0.15625 0.625	0.1875 0.625
0	1.0 1.0	0.15625 0.5625	0.1875 0.625	0.1875 0.5625
0	1.0 1.0	0.1875 0.5625	0.1875 0.625	0.21875 0.625
0	1.0 1.0	0.1875 0.5625	0.21875 0.625	0.21875 0.5625
0	1.0 1.0	0.21875 0.5625	0.21875 0.625	0.25 0.625
0	1.0 1.0	0.21875 0.5625	0.25 0.625	0.25 0.5625
0	1.0 1.0	0.25 0.5625	0.25 0.625	0.28125 0.625
0	1.0 1.0	0.25 0.5625	0.28125 0.625	0.28125 0.5625
0	1.0 1.0	0.28125 0.5625	0.28125 0.625	0.3125 0.625
0	1.0 1.0	0.28125 0.5625	0.3125 0.625	0.3125 0.5625
0	1.0 1.0	0.3125 0.5625	0.3125 0.625	0.34375 0.625
0	1.0 1.0	0.3125 0.5625	0.34375 0.625	0.34375 0.5625
0	1.0 1.0	0.34375 0.5625	0.34375 0.625	0.375 0.625
0	1.0 1.0	0.34375 0.5625	0.375 0.625	0.375 0.5625
0	1.0 1.0	0.375 0.5625	0.375 0.625	0.40625 0.625
0	1.0 1.0	0.375 0.5625	0.40625 0.625	0.40625 0.5625
0	1.0 1.0	0.40625 0.5625	0.40625 0.625	0.4375 0.625
0	1.0 1.0	0.40625 0.5625	0.4375 0.625	0.4375 0.5625
0	1.0 1.0	0.4375 0.5625	0.4375 0.625	0.46875 0.625
0	1.0 1.0	0.4375 0.5625	0.46875 0.625	0.46875 0.5625
0	1.0 1.0	0.46875 0.5625	0.46875 0.625	0.5 0.625
0	1.0 1.0	0.46875 0.5625	0.5 0.625	0.5 0.5625
0	1.0 1.0	0.5 0.5625	0.5 0.625	0.53125 0.625
0	1.0 1.0	0.5 0.5625	0.53125 0.625	0.53125 0.5625
0	1.0 1.0	0.53125 0.5625	0.53125 0.625	0.5625 0.625
0	1.0 1.0	0.53125 0.5625	0.5625 0.625	0.5625 0.5625
0	1.0 1.0	0.5625 0.5625	0.5625 0.625	0.59375 0.625
0	1.0 1.0	0.5625 0.5625	0.59375 0.625	0.59375 0.5625
0	1.0 1.0	0.59375 0.5625	0.59375 0.625	0.625 0.625
0	1.0 1.0	0.59375 0.5625	0.625 0.625	0.625 0.5625
0	1.0 1.0	0.625 0.5625	0.625 0.625	0.65625 0.625
0	1.0 1.0	0.625 0.5625	0.65625 0.625	0.65625 0.5625
0	1.0 1.0	0.65625 0.5625	0.65625 0.625	0.6875 0.625
0	1.0 1.0	0.65625 0.5625	0.6875 0.625	0.6875 0.5625
0	1.0 1.0	0.6875 0.5625	0.6875 0.625	0.71875 0.625
0	1.0 1.0	0.6875 0.5625	0.71875 0.625	0.71875 0.5625
0	1.0 1.0	0.71875 0.5625	0.71875 0.625	0.75 0.625
0	1.0 1.0	0.71875 0.5625	0.75 0.625	0.75 0.5625
0	1.0 1.0	0.75 0.5625	0.75 0.625	0.78125 0.625
0	1.0 1.0	0.75 0.5625	0.78125 0.625	0.78125 0.5625
0	1.0 1.0	0.78125 0.5625	0.78125 0.625	0.8125 0.625
0	1.0 1.0	0.78125 0.5625	0.8125 0.625	0.8125 0.5625
0	1.0 1.0	0.8125 0.5625	0.8125 0.625	0.84375 0.625
0	1.0 1.0	0.8125 0.5625	0.84375 0.625	0.84375 0.5625
0	1.0 1.0	0.84375 0.5625	0.84375 0.625	0.875 0.625
0	1.0 1.0	0.84375 0.5625	0.875 0.625	0.875 0.5625
0	1.0 1.0	0.875 0.5625	0.875 0.625	0.90625 0.625
0	1.0 1.0	0.875 0.5625	0.90625 0.625	0.90625 0.5625
0	1.0 1.0	0.90625 0.5625	0.90625 0.625	0.9375 0.625
0	1.0 1.0	0.90625 0.5625	0.9375 0.625	0.9375 0.5625
0	1.0 1.0	0.9375 0.5625	0.9375 0.625	0.96875 0.625
0	1.0 1.0	0.9375 0.5625	0.96875 0.625	0.96875 0.5625
0	1.0 1.0	0.96875 0.5625	0.96875 0.625	1 0.625
0	1.0 1.0	0.96875 0.5625	1 0.625	1 0.5625
0	1.0 1.0	0 0.625	0 0.6875	0.03125 0.6875
0	1.0 1.0	0 0.625	0.03125 0.6875	0.03125 0.625
0	1.0 1.0	0.03125 0.625	0.03125 0.6875	0.0625 0.6875
0	1.0 1.0	0.03125 0.625	0.0625 0.6875	0.0625 0.625
0	1.0 1.0	0.0625 0.625	0.0625 0.6875	0.09375 0.6875
0	1.0 1.0	0.0625 0.625	0.09375 0.6875	0.09375 0.625
0	1.0 1.0	0.09375 0.625	0.09375 0.6875	0.125 0.6875
0	1.0 1.0	0.09375 0.625	0.125 0.6875	0.125 0.625
0	1.0 1.0	0.125 0.625	0.125 0.6875	0.15625 0.6875
0	1.0 1.0	0.125 0.625	0.15625 0.6875	0.15625 0.625
0	1.0 1.0	0.15625 0.625	0.15625 0.6875	0.1875 0.6875
0	1.0 1.0	0.15625 0.625	0.1875 0.6875	0.1875 0.625
0	1.0 1.0	0.1875 0.625	0.1875 0.6875	0.21875 0.6875
0	1.0 1.0	0.1875 0.625	0.21875 0.6875	0.21875 0.625
0	1.0 1.0	0.21875 0.625	0.21875 0.6875	0.25 0.6875
0	1.0 1.0	0.21875 0.625	0.25 0.6875	0.25 0.625
0	1.0 1.0	0.25 0.625	0.25 0.6875	0.28125 0.6875
0	1.0 1.0	0.25 0.625	0.28125 0.6875	0.28125 0.625
0	1.0 1.0	0.28125 0.625	0.28125 0.6875	0.3125 0.6875
0	1.0 1.0	0.28125 0.625	0.3125 0.6875	0.3125 0.625
0	1.0 1.0	0.3125 0.625	0.3125 0.6875	0.34375 0.6875
0	1.0 1.0	0.3125 0.625	0.34375 0.6875	0.34375 0.625
0	1.0 1.0	0.34375 0.625	0.34375 0.6875	0.375 0.6875
0	1.0 1.0	0.34375 0.625	0.375 0.6875	0.375 0.625
0	1.0 1.0	0.375 0.625	0.375 0.6875	0.40625 0.6875
0	1.0 1.0	0.375 0.625	0.40625 0.6875	0.40625 0.625
0	1.0 1.0	0.40625 0.625	0.40625 0.6875	0.4375 0.6875
0	1.0 1.0	0.40625 0.625	0.4375 0.6875	0.4375 0.625
0	1.0 1.0	0.4375 0.625	0.4375 0.6875	0.46875 0.6875
0	1.0 1.0	0.4375 0.625	0.46875 0.6875	0.46875 0.625
0	1.0 1.0	0.46875 0.625	0.46875 0.6875	0.5 0.6875
0	1.0 1.0	0.46875 0.625	0.5 0.6875	0.5 0.625
0	1.0 1.0	0.5 0.625	0.5 0.6875	0.53125 0.6875
0	1.0 1.0	0.5 0.625	0.53125 0.6875	0.53125 0.625
0	1.0 1.0	0.53125 0.625	0.53125 0.6875	0.5625 0.6875
0	1.0 1.0	0.53125 0.625	0.5625 0.6875	0.5625 0.625
0	1.0 1.0	0.5625 0.625	0.5625 0.6875	0.59375 0.6875
0	1.0 1.0	0.5625 0.625	0.59375 0.6875	0.59375 0.625
0	1.0 1.0	0.59375 0.625	0.59375 0.6875	0.625 0.6875
0	1.0 1.0	0.59375 0.625	0.625 0.6875	0.625 0.625
0	1.0 1.0	0.625 0.625	0.625 0.6875	0.65625 0.6875
0	1.0 1.0	0.625 0.625	0.65625 0.6875	0.65625 0.625
0	1.0 1.0	0.65625 0.625	0.65625 0.6875	0.6875 0.6875
0	1.0 1.0	0.65625 0.625	0.6875 0.6875	0.6875 0.625
0	1.0 1.0	0.6875 0.625	0.6875 0.6875	0.71875 0.6875
0	1.0 1.0	0.6875 0.625	0.71875 0.6875	0.71875 0.625
0	1.0 1.0	0.71875 0.625	0.71875 0.6875	0.75 0.6875
0	1.0 1.0	0.71875 0.625	0.75 0.6875	0.75 0.625
0	1.0 1.0	0.75 0.625	0.75 0.6875	0.78125 0.6875
0	1.0 1.0	0.75 0.625	0.78125 0.6875	0.78125 0.625
0	1.0 1.0	0.78125 0.625	0.78125 0.6875	0.8125 0.6875
0	1.0 1.0	0.78125 0.625	0.8125 0.6875	0.8125 0.625
0	1.0 1.0	0.8125 0.625	0.8125 0.6875	0.84375 0.6875
0	1.0 1.0	0.8125 0.625	0.84375 0.6875	0.84375 0.625
0	1.0 1.0	0.84375 0.625	0.84375 0.6875	0.875 0.6875
0	1.0 1.0	0.84375 0.625	0.875 0.6875	0.875 0.625
0	1.0 1.0	0.875 0.625	0.875 0.6875	0.90625 0.6875
0	1.0 1.0	0.875 0.625	0.90625 0.6875	0.90625 0.625
0	1.0 1.0	0.90625 0.625	0.90625 0.6875	0.9375 0.6875
0	1.0 1.0	0.90625 0.625	0.9375 0.6875	0.9375 0.625
0	1.0 1.0	0.9375 0.625	0.9375 0.6875	0.96875 0.6875
0	1.0 1.0	0.9375 0.625	0.96875 0.6875	0.96875 0.625
0	1.0 1.0	0.96875 0.625	0.96875 0.6875	1 0.6875
0	1.0 1.0	0.96875 0.625	1 0.6875	1 0.625
0	1.0 1.0	0 0.6875	0 0.75	0.03125 0.75
0	1.0 1.0	0 0.6875	0.03125 0.75	0.03125 0.6875
0	1.0 1.0	0.03125 0.6875	0.03125 0.75	0.0625 0.75
0	1.0 1.0	0.03125 0.6875	0.0625 0.75	0.0625 0.6875
0	1.0 1.0	0.0625 0.6875	0.0625 0.75	0.09375 0.75
0	1.0 1.0	0.0625 0.6875	0.09375 0.75	0.09375 0.6875
0	1.0 1.0	0.09375 0.6875	0.09375 0.75	0.125 0.75
0	1.0 1.0	0.09375 0.6875	0.125 0.75	0.125 0.6875
0	1.0 1.0	0.125 0.6875	0.125 0.75	0.15625 0.75
0	1.0 1.0	0.125 0.6875	0.15625 0.75	0.15625 0.6875
0	1.0 1.0	0.15625 0.6875	0.15625 0.75	0.1875 0.75
0	1.0 1.0	0.15625 0.6875	0.1875 0.75	0.1875 0.6875
0	1.0 1.0	0.1875 0.6875	0.1875 0.75	0.21875 0.75
0	1.0 1.0	0.1875 0.6875	0.21875 0.75	0.21875 0.6875
0	1.0 1.0	0.21875 0.6875	0.21875 0.75	0.25 0.75
0	1.0 1.0	0.21875 0.6875	0.25 0.75	0.25 0.6875
0	1.0 1.0	0.25 0.6875	0.25 0.75	0.28125 0.75
0	1.0 1.0	0.25 0.6875	0.28125 0.75	0.28125 0.6875
0	1.0 1.0	0.28125 0.6875	0.28125 0.75	0.3125 0.75
0	1.0 1.0	0.28125 0.6875	0.3125 0.75	0.3125 0.6875
0	1.0 1.0	0.3125 0.6875	0.3125 0.75	0.34375 0.75
0	1.0 1.0	0.3125 0.6875	0.34375 0.75	0.34375 0.6875
0	1.0 1.0	0.34375 0.6875	0.34375 0.75	0.375 0.75
0	1.0 1.0	0.34375 0.6875	0.375 0.75	0.375 0.6875
0	1.0 1.0	0.375 0.6875	0.375 0.75	0.40625 0.75
0	1.0 1.0	0.375 0.6875	0.40625 0.75	0.40625 0.6875
0	1.0 1.0	0.40625 0.6875	0.40625 0.75	0.4375 0.75
0	1.0 1.0	0.40625 0.6875	0.4375 0.75	0.4375 0.6875
0	1.0 1.0	0.4375 0.6875	0.4375 0.75	0.46875 0.75
0	1.0 1.0	0.4375 0.6875	0.46875 0.75	0.46875 0.6875
0	1.0 1.0	0.46875 0.6875	0.46875 0.75	0.5 0.75
0	1.0 1.0	0.46875 0.6875	0.5 0.75	0.5 0.6875
0	1.0 1.0	0.5 0.6875	0.5 0.75	0.53125 0.75
0	1.0 1.0	0.5 0.6875	0.53125 0.75	0.53125 0.6875
0	1.0 1.0	0.53125 0.6875	0.53125 0.75	0.5625 0.75
0	1.0 1.0	0.53125 0.6875	0.5625 0.75	0.5625 0.6875
0	1.0 1.0	0.5625 0.6875	0.5625 0.75	0.59375 0.75
0	1.0 1.0	0.5625 0.6875	0.59375 0.75	0.59375 0.6875
0	1.0 1.0	0.59375 0.6875	0.59375 0.75	0.625 0.75
0	1.0 1.0	0.59375 0.6875	0.625 0.75	0.625 0.6875
0	1.0 1.0	0.625 0.6875	0.625 0.75	0.65625 0.75
0	1.0 1.0	0.625 0.6875	0.65625 0.75	0.65625 0.6875
0	1.0 1.0	0.65625 0.6875	0.65625 0.75	0.6875 0.75
0	1.0 1.0	0.65625 0.6875	0.6875 0.75	0.6875 0.6875
0	1.0 1.0	0.6875 0.6875	0.6875 0.75	0.71875 0.75
0	1.0 1.0	0.6875 0.6875	0.71875 0.75	0.71875 0.6875
0	1.0 1.0	0.71875 0.6875	0.71875 0.75	0.75 0.75
0	1.0 1.0	0.71875 0.6875	0.75 0.75	0.75 0.6875
0	1.0 1.0	0.75 0.6875	0.75 0.75	0.78125 0.75
0	1.0 1.0	0.75 0.6875	0.78125 0.75	0.78125 0.6875
0	1.0 1.0	0.78125 0.6875	0.78125 0.75	0.8125 0.75
0	1.0 1.0	0.78125 0.6875	0.8125 0.75	0.8125 0.6875
0	1.0 1.0	0.8125 0.6875	0.8125 0.75	0.84375 0.75
0	1.0 1.0	0.8125 0.6875	0.84375 0.75	0.84375 0.6875
0	1.0 1.0	0.84375 0.6875	0.84375 0.75	0.875 0.75
0	1.0 1.0	0.84375 0.6875	0.875 0.75	0.875 0.6875
0	1.0 1.0	0.875 0.6875	0.875 0.75	0.90625 0.75
0	1.0 1.0	0.875 0.6875	0.90625 0.75	0.90625 0.6875
0	1.0 1.0	0.90625 0.6875	0.90625 0.75	0.9375 0.75
0	1.0 1.0	0.90625 0.6875	0.9375 0.75	0.9375 0.6875
0	1.0 1.0	0.9375 0.6875	0.9375 0.75	0.96875 0.75
0	1.0 1.0	0.9375 0.6875	0.96875 0.75	0.96875 0.6875
0	1.0 1.0	0.96875 0.6875	0.96875 0.75	1 0.75
0	1.0 1.0	0.96875 0.6875	1 0.75	1 0.6875
0	1.0 1.0	0 0.75	0 0.8125	0.03125 0.8125
0	1.0 1.0	0 0.75	0.03125 0.8125	0.03125 0.75
0	1.0 1.0	0.03125 0.75	0.03125 0.8125	0.0625 0.8125
0	1.0 1.0	0.03125 0.75	0.0625 0.8125	0.0625 0.75
0	1.0 1.0	0.0625 0.75	0.0625 0.8125	0.09375 0.8125
0	1.0 1.0	0.0625 0.75	0.09375 0.8125	0.09375 0.75
0	1.0 1.0	0.09375 0.75	0.09375 0.8125	0.125 0.8125
0	1.0 1.0	0.09375 0.75	0.125 0.8125	0.125 0.75
0	1.0 1.0	0.125 0.75	0.125 0.8125	0.15625 0.8125
0	1.0 1.0	0.125 0.75	0.15625 0.8125	0.15625 0.75
0	1.0 1.0	0.15625 0.75	0.15625 0.8125	0.1875 0.8125
0	1.0 1.0	0.15625 0.75	0.1875 0.8125	0.1875 0.75
0	1.0 1.0	0.1875 0.75	0.1875 0.8125	0.21875 0.8125
0	1.0 1.0	0.1875 0.75	0.21875 0.8125	0.21875 0.75
0	1.0 1.0	0.21875 0.75	0.21875 0.8125	0.25 0.8125
0	1.0 1.0	0.21875 0.75	0.25 0.8125	0.25 0.75
0	1.0 1.0	0.25 0.75	0.25 0.8125	0.28125 0.8125
0	1.0 1.0	0.25 0.75	0.28125 0.8125	0.28125 0.75
0	1.0 1.0	0.28125 0.75	0.28125 0.8125	0.3125 0.8125
0	1.0 1.0	0.28125 0.75	0.3125 0.8125	0.3125 0.75
0	1.0 1.0	0.3125 0.75	0.3125 0.8125	0.34375 0.8125
0	1.0 1.0	0.3125 0.75	0.34375 0.8125	0.34375 0.75
0	1.0 1.0	0.34375 0.75	0.34375 0.8125	0.375 0.8125
0	1.0 1.0	0.34375 0.75	0.375 0.8125	0.375 0.75
0	1.0 1.0	0.375 0.75	0.375 0.8125	0.40625 0.8125
0	1.0 1.0	0.375 0.75	0.40625 0.8125	0.40625 0.75
0	1.0 1.0	0.40625 0.75	0.40625 0.8125	0.4375 0.8125
0	1.0 1.0	0.40625 0.75	0.4375 0.8125	0.4375 0.75
0	1.0 1.0	0.4375 0.75	0.4375 0.8125	0.46875 0.8125
0	1.0 1.0	0.4375 0.75	0.46875 0.8125	0.46875 0.75
0	1.0 1.0	0.46875 0.75	0.46875 0.8125	0.5 0.8125
0	1.0 1.0	0.46875 0.75	0.5 0.8125	0.5 0.75
0	1.0 1.0	0.5 0.75	0.5 0.8125	0.53125 0.8125
0	1.0 1.0	0.5 0.75	0.53125 0.8125	0.53125 0.75
0	1.0 1.0	0.53125 0.75	0.53125 0.8125	0.5625 0.8125
0	1.0 1.0	0.53125 0.75	0.5625 0.8125	0.5625 0.75
0	1.0 1.0	0.5625 0.75	0.5625 0.8125	0.59375 0.8125
0	1.0 1.0	0.5625 0.75	0.59375 0.8125	0.59375 0.75
0	1.0 1.0	0.59375 0.75	0.59375 0.8125	0.625 0.8125
0	1.0 1.0	0.59375 0.75	0.625 0.8125	0.625 0.75
0	1.0 1.0	0.625 0.75	0.625 0.8125	0.65625 0.8125
0	1.0 1.0	0.625 0.75	0.65625 0.8125	0.65625 0.75
0	1.0 1.0	0.65625 0.75	0.65625 0.8125	0.6875 0.8125
0	1.0 1.0	0.65625 0.75	0.6875 0.8125	0.6875 0.75
0	1.0 1.0	0.6875 0.75	0.6875 0.8125	0.71875 0.8125
0	1.0 1.0	0.6875 0.75	0.71875 0.8125	0.71875 0.75
0	1.0 1.0	0.71875 0.75	0.71875 0.8125	0.75 0.8125
0	1.0 1.0	0.71875 0.75	0.75 0.8125	0.75 0.75
0	1.0 1.0	0.75 0.75	0.75 0.8125	0.78125 0.8125
0	1.0 1.0	0.75 0.75	0.78125 0.8125	0.78125 0.75
0	1.0 1.0	0.78125 0.75	0.78125 0.8125	0.8125 0.8125
0	1.0 1.0	0.78125 0.75	0.8125 0.8125	0.8125 0.75
0	1.0 1.0	0.8125 0.75	0.8125 0.8125	0.84375 0.8125
0	1.0 1.0	0.8125 0.75	0.84375 0.8125	0.84375 0.75
0	1.0 1.0	0.84375 0.75	0.84375 0.8125	0.875 0.8125
0	1.0 1.0	0.84375 0.75	0.875 0.8125	0.875 0.75
0	1.0 1.0	0.875 0.75	0.875 0.8125	0.90625 0.8125
0	1.0 1.0	0.875 0.75	0.90625 0.8125	0.90625 0.75
0	1.0 1.0	0.90625 0.75	0.90625 0.8125	0.9375 0.8125
0	1.0 1.0	0.90625 0.75	0.9375 0.8125	0.9375 0.75
0	1.0 1.0	0.9375 0.75	0.9375 0.8125	0.96875 0.8125
0	1.0 1.0	0.9375 0.75	0.96875 0.8125	0.96875 0.75
0	1.0 1.0	0.96875 0.75	0.96875 0.8125	1 0.8125
0	1.0 1.0	0.96875 0.75	1 0.8125	1 0.75
0	1.0 1.0	0 0.8125	0 0.875	0.03125 0.875
0	1.0 1.0	0 0.8125	0.03125 0.875	0.03125 0.8125
0	1.0 1.0	0.03125 0.8125	0.03125 0.875	0.0625 0.875
0	1.0 1.0	0.03125 0.8125	0.0625 0.875	0.0625 0.8125
0	1.0 1.0	0.0625 0.8125	0.0625 0.875	0.09375 0.875
0	1.0 1.0	0.0625 0.8125	0.09375 0.875	0.09375 0.8125
0	1.0 1.0	0.09375 0.8125	0.09375 0.875	0.125 0.875
0	1.0 1.0	0.09375 0.8125	0.125 0.875	0.125 0.8125
0	1.0 1.0	0.125 0.8125	0.125 0.875	0.15625 0.875
0	1.0 1.0	0.125 0.8125	0.15625 0.875	0.15625 0.8125
0	1.0 1.0	0.15625 0.8125	0.15625 0.875	0.1875 0.875
0	1.0 1.0	0.15625 0.8125	0.1875 0.875	0.1875 0.8125
0	1.0 1.0	0.1875 0.8125	0.1875 0.875	0.21875 0.875
0	1.0 1.0	0.1875 0.8125	0.21875 0.875	0.21875 0.8125
0	1.0 1.0	0.21875 0.8125	0.21875 0.875	0.25 0.875
0	1.0 1.0	0.21875 0.8125	0.25 0.875	0.25 0.8125
0	1.0 1.0	0.25 0.8125	0.25 0.875	0.28125 0.875
0	1.0 1.0	0.25 0.8125	0.28125 0.875	0.28125 0.8125
0	1.0 1.0	0.28125 0.8125	0.28125 0.875	0.3125 0.875
0	1.0 1.0	0.28125 0.8125	0.3125 0.875	0.3125 0.8125
0	1.0 1.0	0.3125 0.8125	0.3125 0.875	0.34375 0.875
0	1.0 1.0	0.3125 0.8125	0.34375 0.875	0.34375 0.8125
0	1.0 1.0	0.34375 0.8125	0.34375 0.875	0.375 0.875
0	1.0 1.0	0.34375 0.8125	0.375 0.875	0.375 0.8125
0	1.0 1.0	0.375 0.8125	0.375 0.875	0.40625 0.875
0	1.0 1.0	0.375 0.8125	0.40625 0.875	0.40625 0.8125
0	1.0 1.0	0.40625 0.8125	0.40625 0.875	0.4375 0.875
0	1.0 1.0	0.40625 0.8125	0.4375 0.875	0.4375 0.8125
0	1.0 1.0	0.4375 0.8125	0.4375 0.875	0.46875 0.875
0	1.0 1.0	0.4375 0.8125	0.46875 0.875	0.46875 0.8125
0	1.0 1.0	0.46875 0.8125	0.46875 0.875	0.5 0.875
0	1.0 1.0	0.46875 0.8125	0.5 0.875	0.5 0.8125
0	1.0 1.0	0.5 0.8125	0.5 0.875	0.53125 0.875
0	1.0 1.0	0.5 0.8125	0.53125 0.875	0.53125 0.8125
0	1.0 1.0	0.53125 0.8125	0.53125 0.875	0.5625 0.875
0	1.0 1.0	0.53125 0.8125	0.5625 0.875	0.5625 0.8125
0	1.0 1.0	0.5625 0.8125	0.5625 0.875	0.59375 0.875
0	1.0 1.0	0.5625 0.8125	0.59375 0.875	0.59375 0.8125
0	1.0 1.0	0.59375 0.8125	0.59375 0.875	0.625 0.875
0	1.0 1.0	0.59375 0.8125	0.625 0.875	0.625 0.8125
0	1.0 1.0	0.625 0.8125	0.625 0.875	0.65625 0.875
0	1.0 1.0	0.625 0.8125	0.65625 0.875	0.65625 0.8125
0	1.0 1.0	0.65625 0.8125	0.65625 0.875	0.6875 0.875
0	1.0 1.0	0.65625 0.8125	0.6875 0.875	0.6875 0.8125
0	1.0 1.0	0.6875 0.8125	0.6875 0.875	0.71875 0.875
0	1.0 1.0	0.6875 0.8125	0.71875 0.875	0.71875 0.8125
0	1.0 1.0	0.71875 0.8125	0.71875 0.875	0.75 0.875
0	1.0 1.0	0.71875 0.8125	0.75 0.875	0.75 0.8125
0	1.0 1.0	0.75 0.8125	0.75 0.875	0.78125 0.875
0	1.0 1.0	0.75 0.8125	0.78125 0.875	0.78125 0.8125
0	1.0 1.0	0.78125 0.8125	0.78125 0.875	0.8125 0.875
0	1.0 1.0	0.78125 0.8125	0.8125 0.875	0.8125 0.8125
0	1.0 1.0	0.8125 0.8125	0.8125 0.875	0.84375 0.875
0	1.0 1.0	0.8125 0.8125	0.84375 0.875	0.84375 0.8125
0	1.0 1.0	0.84375 0.8125	0.84375 0.875	0.875 0.875
0	1.0 1.0	0.84375 0.8125	0.875 0.875	0.875 0.8125
0	1.0 1.0	0.875 0.8125	0.875 0.875	0.90625 0.875
0	1.0 1.0	0.875 0.8125	0.90625 0.875	0.90625 0.8125
0	1.0 1.0	0.90625 0.8125	0.90625 0.875	0.9375 0.875
0	1.0 1.0	0.90625 0.8125	0.9375 0.875	0.9375 0.8125
0	1.0 1.0	0.9375 0.8125	0.9375 0.875	0.96875 0.875
0	1.0 1.0	0.9375 0.8125	0.96875 0.875	0.96875 0.8125
0	1.0 1.0	0.96875 0.8125	0.96875 0.875	1 0.875
0	1.0 1.0	0.96875 0.8125	1 0.875	1 0.8125
0	1.0 1.0	0 0.875	0 0.9375	0.03125 0.9375
0	1.0 1.0	0 0.875	0.03125 0.9375	0.03125 0.875
0	1.0 1.0	0.03125 0.875	0.03125 0.9375	0.0625 0.9375
0	1.0 1.0	0.03125 0.875	0.0625 0.9375	0.0625 0.875
0	1.0 1.0	0.0625 0.875	0.0625 0.9375	0.09375 0.9375
0	1.0 1.0	0.0625 0.875	0.09375 0.9375	0.09375 0.875
0	1.0 1.0	0.09375 0.875	0.09375 0.9375	0.125 0.9375
0	1.0 1.0	0.09375 0.875	0.125 0.9375	0.125 0.875
0	1.0 1.0	0.125 0.875	0.125 0.9375	0.15625 0.9375
0	1.0 1.0	0.125 0.875	0.15625 0.9375	0.15625 0.875
0	1.0 1.0	0.15625 0.875	0.15625 0.9375	0.1875 0.9375
0	1.0 1.0	0.15625 0.875	0.1875 0.9375	0.1875 0.875
0	1.0 1.0	0.1875 0.875	0.1875 0.9375	0.21875 0.9375
0	1.0 1.0	0.1875 0.875	0.21875 0.9375	0.21875 0.875
0	1.0 1.0	0.21875 0.875	0.21875 0.9375	0.25 0.9375
0	1.0 1.0	0.21875 0.875	0.25 0.9375	0.25 0.875
0	1.0 1.0	0.25 0.875	0.25 0.9375	0.28125 0.9375
0	1.0 1.0	0.25 0.875	0.28125 0.9375	0.28125 0.875
0	1.0 1.0	0.28125 0.875	0.28125 0.9375	0.3125 0.9375
0	1.0 1.0	0.28125 0.875	0.3125 0.9375	0.3125 0.875
0	1.0 1.0	0.3125 0.875	0.3125 0.9375	0.34375 0.9375
0	1.0 1.0	0.3125 0.875	0.34375 0.9375	0.34375 0.875
0	1.0 1.0	0.34375 0.875	0.34375 0.9375	0.375 0.9375
0	1.0 1.0	0.34375 0.875	0.375 0.9375	0.375 0.875
0	1.0 1.0	0.375 0.875	0.375 0.9375	0.40625 0.9375
0	1.0 1.0	0.375 0.875	0.40625 0.9375	0.40625 0.875
0	1.0 1.0	0.40625 0.875	0.40625 0.9375	0.4375 0.9375
0	1.0 1.0	0.40625 0.875	0.4375 0.9375	0.4375 0.875
0	1.0 1.0	0.4375 0.875	0.4375 0.9375	0.46875 0.9375
0	1.0 1.0	0.4375 0.875	0.46875 0.9375	0.46875 0.875
0	1.0 1.0	0.46875 0.875	0.46875 0.9375	0.5 0.9375
0	1.0 1.0	0.46875 0.875	0.5 0.9375	0.5 0.875
0	1.0 1.0	0.5 0.875	0.5 0.9375	0.53125 0.9375
0	1.0 1.0	0.5 0.875	0.53125 0.9375	0.53125 0.875
0	1.0 1.0	0.53125 0.875	0.53125 0.9375	0.5625 0.9375
0	1.0 1.0	0.53125 0.875	0.5625 0.9375	0.5625 0.875
0	1.0 1.0	0.5625 0.875	0.5625 0.9375	0.59375 0.9375
0	1.0 1.0	0.5625 0.875	0.59375 0.9375	0.59375 0.875
0	1.0 1.0	0.59375 0.875	0.59375 0.9375	0.625 0.9375
0	1.0 1.0	0.59375 0.875	0.625 0.9375	0.625 0.875
0	1.0 1.0	0.625 0.875	0.625 0.9375	0.65625 0.9375
0	1.0 1.0	0.625 0.875	0.65625 0.9375	0.65625 0.875
0	1.0 1.0	0.65625 0.875	0.65625 0.9375	0.6875 0.9375
0	1.0 1.0	0.65625 0.875	0.6875 0.9375	0.6875 0.875
0	1.0 1.0	0.6875 0.875	0.6875 0.9375	0.71875 0.9375
0	1.0 1.0	0.6875 0.875	0.71875 0.9375	0.71875 0.875
0	1.0 1.0	0.71875 0.875	0.71875 0.9375	0.75 0.9375
0	1.0 1.0	0.71875 0.875	0.75 0.9375	0.75 0.875
0	1.0 1.0	0.75 0.875	0.75 0.9375	0.78125 0.9375
0	1.0 1.0	0.75 0.875	0.78125 0.9375	0.78125 0.875
0	1.0 1.0	0.78125 0.875	0.78125 0.9375	0.8125 0.9375
0	1.0 1.0	0.78125 0.875	0.8125 0.9375	0.8125 0.875
0	1.0 1.0	0.8125 0.875	0.8125 0.9375	0.84375 0.9375
0	1.0 1.0	0.8125 0.875	0.84375 0.9375	0.84375 0.875
0	1.0 1.0	0.84375 0.875	0.84375 0.9375	0.875 0.9375
0	1.0 1.0	0.84375 0.875	0.875 0.9375	0.875 0.875
0	1.0 1.0	0.875 0.875	0.875 0.9375	0.90625 0.9375
0	1.0 1.0	0.875 0.875	0.90625 0.9375	0.90625 0.875
0	1.0 1.0	0.90625 0.875	0.90625 0.9375	0.9375 0.9375
0	1.0 1.0	0.90625 0.875	0.9375 0.9375	0.9375 0.875
0	1.0 1.0	0.9375 0.875	0.9375 0.9375	0.96875 0.9375
0	1.0 1.0	0.9375 0.875	0.96875 0.9375	0.96875 0.875
0	1.0 1.0	0.96875 0.875	0.96875 0.9375	1 0.9375
0	1.0 1.0	0.96875 0.875	1 0.9375	1 0.875
0	1.0 1.0	0 1	0.03125 0.9375	0 0.9375
0	1.0 1.0	0.03125 1	0.0625 0.9375	0.03125 0.9375
0	1.0 1.0	0.0625 1	0.09375 0.9375	0.0625 0.9375
0	1.0 1.0	0.09375 1	0.125 0.9375	0.09375 0.9375
0	1.0 1.0	0.125 1	0.15625 0.9375	0.125 0.9375
0	1.0 1.0	0.15625 1	0.1875 0.9375	0.15625 0.9375
0	1.0 1.0	0.1875 1	0.21875 0.9375	0.1875 0.9375
0	1.0 1.0	0.21875 1	0.25 0.9375	0.21875 0.9375
0	1.0 1.0	0.25 1	0.28125 0.9375	0.25 0.9375
0	1.0 1.0	0.28125 1	0.3125 0.9375	0.28125 0.9375
0	1.0 1.0	0.3125 1	0.34375 0.9375	0.3125 0.9375
0	1.0 1.0	0.34375 1	0.375 0.9375	0.34375 0.9375
0	1.0 1.0	0.375 1	0.40625 0.9375	0.375 0.9375
0	1.0 1.0	0.40625 1	0.4375 0.9375	0.40625 0.9375
0	1.0 1.0	0.4375 1	0.46875 0.9375	0.4375 0.9375
0	1.0 1.0	0.46875 1	0.5 0.9375	0.46875 0.9375
0	1.0 1.0	0.5 1	0.53125 0.9375	0.5 0.9375
0	1.0 1.0	0.53125 1	0.5625 0.9375	0.53125 0.9375
0	1.0 1.0	0.5625 1	0.59375 0.9375	0.5625 0.9375
0	1.0 1.0	0.59375 1	0.625 0.9375	0.59375 0.9375
0	1.0 1.0	0.625 1	0.65625 0.9375	0.625 0.9375
0	1.0 1.0	0.65625 1	0.6875 0.9375	0.65625 0.9375
0	1.0 1.0	0.6875 1	0.71875 0.9375	0.6875 0.9375
0	1.0 1.0	0.71875 1	0.75 0.9375	0.71875 0.9375
0	1.0 1.0	0.75 1	0.78125 0.9375	0.75 0.9375
0	1.0 1.0	0.78125 1	0.8125 0.9375	0.78125 0.9375
0	1.0 1.0	0.8125 1	0.84375 0.9375	0.8125 0.9375
0	1.0 1.0	0.84375 1	0.875 0.9375	0.84375 0.9375
0	1.0 1.0	0.875 1	0.90625 0.9375	0.875 0.9375
0	1.0 1.0	0.90625 1	0.9375 0.9375	0.90625 0.9375
0	1.0 1.0	0.9375 1	0.96875 0.9375	0.9375 0.9375
0	1.0 1.0	0.96875 1	1 0.9375	0.96875 0.9375

NAMES 1
lib_moon.png

NORMALS
0 0 1
0.00574 0.21435 0.97674
0.04745 0.20911 0.97674
0 0 1
0.08733 0.19583 0.97674
0 0 1
0.12386 0.17503 0.97674
0 0 1
0.15563 0.14751 0.97674
0 0 1
0.18142 0.11431 0.97674
0 0 1
0.20023 0.07672 0.97674
0 0 1
0.21135 0.03618 0.97674
0 0 1
0.21435 -0.00574 0.97674
0 0 1
0.20911 -0.04745 0.97674
0 0 1
0.19583 -0.08733 0.97674
0 0 1
0.17503 -0.12386 0.97674
0 0 1
0.14751 -0.15563 0.97674
0 0 1
0.11431 -0.18142 0.97674
0 0 1
0.07672 -0.20023 0.97674
0 0 1
0.03618 -0.21135 0.97674
0 0 1
-0.00574 -0.21435 0.97674
0 0 1
-0.04745 -0.20911 0.97674
0 0 1
-0.08733 -0.19583 0.97674
0 0 1
-0.12386 -0.17503 0.97674
0 0 1
-0.15563 -0.14751 0.97674
0 0 1
-0.18142 -0.11431 0.97674
0 0 1
-0.20023 -0.07672 0.97674
0 0 1
-0.21135 -0.03618 0.97674
0 0 1
-0.21435 0.00574 0.97674
0 0 1
-0.20911 0.04745 0.97674
0 0 1
-0.19583 0.08733 0.97674
0 0 1
-0.17503 0.12386 0.97674
0 0 1
-0.14751 0.15563 0.97674
0 0 1
-0.11431 0.18142 0.97674
0 0 1
-0.07672 0.20023 0.97674
0 0 1
-0.03618 0.21135 0.97674
0 0 1
0.00574 0.21435 0.97674
0.00298 0.38265 0.92389
0.07758 0.37472 0.92389
0.14919 0.35238 0.92389
0.21507 0.31651 0.92389
0.27268 0.26847 0.92389
0.31982 0.21011 0.92389
0.35467 0.14368 0.92389
0.37588 0.07173 0.92389
0.38265 -0.00298 0.92389
0.37472 -0.07758 0.92389
0.35238 -0.14919 0.92389
0.31651 -0.21507 0.92389
0.26847 -0.27268 0.92389
0.21011 -0.31982 0.92389
0.14368 -0.35467 0.92389
0.07173 -0.37588 0.92389
-0.00298 -0.38265 0.92389
-0.07758 -0.37472 0.92389
-0.14919 -0.35238 0.92389
-0.21507 -0.31651 0.92389
-0.27268 -0.26847 0.92389
-0.31982 -0.21011 0.92389
-0.35467 -0.14368 0.92389
-0.37588 -0.07173 0.92389
-0.38265 0.00298 0.92389
-0.37472 0.07758 0.92389
-0.35238 0.14919 0.92389
-0.31651 0.21507 0.92389
-0.26847 0.27268 0.92389
-0.21011 0.31982 0.92389
-0.14368 0.35467 0.92389
-0.07173 0.37588 0.92389
0.00298 0.38265 0.92389
0.00268 0.55553 0.83149
0.11101 0.54433 0.83149
0.21507 0.51222 0.83149
0.31087 0.46042 0.83149
0.39472 0.39092 0.83149
0.4634 0.30641 0.83149
0.51427 0.21012 0.83149
0.54538 0.10575 0.83149
0.55553 -0.00268 0.83149
0.54433 -0.11101 0.83149
0.51222 -0.21507 0.83149
0.46042 -0.31087 0.83149
0.39093 -0.39472 0.83149
0.30641 -0.4634 0.83149
0.21012 -0.51427 0.83149
0.10575 -0.54538 0.83149
-0.00268 -0.55553 0.83149
-0.11101 -0.54434 0.83149
-0.21507 -0.51222 0.83149
-0.31087 -0.46042 0.83149
-0.39472 -0.39092 0.83149
-0.4634 -0.30641 0.83149
-0.51427 -0.21012 0.83149
-0.54538 -0.10575 0.83149
-0.55553 0.00268 0.83149
-0.54433 0.11101 0.83149
-0.51222 0.21507 0.83149
-0.46042 0.31087 0.83149
-0.39092 0.39472 0.83149
-0.30641 0.4634 0.83149
-0.21012 0.51427 0.83149
-0.10575 0.54538 0.83149
0.00268 0.55553 0.83149
0.00228 0.70707 0.70714
0.14017 0.69304 0.70714
0.27269 0.65238 0.70714
0.39472 0.58664 0.70714
0.50158 0.49837 0.70714
0.58917 0.39094 0.70714
0.65412 0.26848 0.70714
0.69393 0.13571 0.70714
0.70707 -0.00228 0.70714
0.69304 -0.14017 0.70714
0.65238 -0.27269 0.70714
0.58664 -0.39472 0.70714
0.49837 -0.50158 0.70714
0.39094 -0.58917 0.70714
0.26848 -0.65412 0.70714
0.13571 -0.69393 0.70714
-0.00228 -0.70707 0.70714
-0.14017 -0.69304 0.70714
-0.27269 -0.65238 0.70714
-0.39472 -0.58664 0.70714
-0.50158 -0.49837 0.70714
-0.58917 -0.39094 0.70714
-0.65412 -0.26848 0.70714
-0.69393 -0.13571 0.70714
-0.70707 0.00228 0.70714
-0.69304 0.14017 0.70714
-0.65238 0.27269 0.70714
-0.58664 0.39472 0.70714
-0.49837 0.50158 0.70714
-0.39094 0.58917 0.70714
-0.26848 0.65412 0.70714
-0.13571 0.69393 0.70714
0.00228 0.70707 0.70714
0.00178 0.83144 0.5556
0.16396 0.81512 0.55561
0.31983 0.76747 0.5556
0.46341 0.69033 0.55561
0.58918 0.58666 0.55561
0.69231 0.46044 0.55561
0.76884 0.31653 0.5556
0.81582 0.16046 0.5556
0.83144 -0.00178 0.5556
0.81512 -0.16396 0.55561
0.76747 -0.31983 0.5556
0.69033 -0.46341 0.55561
0.58666 -0.58918 0.55561
0.46044 -0.69231 0.5556
0.31653 -0.76884 0.5556
0.16046 -0.81582 0.5556
-0.00178 -0.83144 0.5556
-0.16396 -0.81512 0.55561
-0.31983 -0.76747 0.5556
-0.46341 -0.69033 0.55561
-0.58918 -0.58666 0.55561
-0.69231 -0.46044 0.5556
-0.76884 -0.31653 0.5556
-0.81582 -0.16046 0.5556
-0.83144 0.00178 0.5556
-0.81512 0.16396 0.55561
-0.76747 0.31983 0.5556
-0.69033 0.46341 0.55561
-0.58666 0.58918 0.55561
-0.46044 0.69231 0.55561
-0.31653 0.76884 0.5556
-0.16046 0.81582 0.5556
0.00178 0.83144 0.5556
0.00123 0.92387 0.38271
0.18144 0.90588 0.38271
0.35468 0.85307 0.38271
0.51429 0.76749 0.38271
0.65414 0.6524 0.38271
0.76885 0.51225 0.38271
0.85401 0.35241 0.38271
0.90635 0.17903 0.38271
0.92387 -0.00123 0.38271
0.90588 -0.18144 0.38271
0.85307 -0.35468 0.38271
0.76749 -0.51429 0.38271
0.6524 -0.65414 0.38271
0.51225 -0.76885 0.38271
0.35241 -0.85401 0.38271
0.17903 -0.90635 0.38271
-0.00123 -0.92387 0.38271
-0.18144 -0.90588 0.38271
-0.35468 -0.85307 0.38271
-0.51429 -0.76749 0.38271
-0.65414 -0.6524 0.38271
-0.76885 -0.51225 0.38271
-0.85401 -0.35241 0.38271
-0.90635 -0.17903 0.38271
-0.92387 0.00123 0.38271
-0.90588 0.18144 0.38271
-0.85307 0.35468 0.38271
-0.76749 0.51429 0.38271
-0.6524 0.65414 0.38271
-0.51225 0.76885 0.38271
-0.35241 0.85401 0.38271
-0.17903 0.90635 0.38271
0.00123 0.92387 0.38271
0.00062 0.98078 0.19511
0.19195 0.96181 0.19511
0.37591 0.90588 0.19511
0.54541 0.81514 0.19511
0.69396 0.69308 0.19511
0.81584 0.54437 0.19511
0.90636 0.37475 0.19511
0.96206 0.19073 0.19511
0.98078 -0.00062 0.19511
0.96181 -0.19195 0.19511
0.90588 -0.37591 0.19511
0.81514 -0.54541 0.19511
0.69308 -0.69396 0.19511
0.54437 -0.81584 0.19511
0.37475 -0.90636 0.19511
0.19073 -0.96206 0.19511
-0.00062 -0.98078 0.19511
-0.19195 -0.96181 0.19511
-0.37591 -0.90588 0.19511
-0.54541 -0.81514 0.19511
-0.69396 -0.69308 0.19511
-0.81584 -0.54437 0.19511
-0.90636 -0.37475 0.19511
-0.96206 -0.19073 0.19511
-0.98078 0.00062 0.19511
-0.96181 0.19195 0.19511
-0.90588 0.37591 0.19511
-0.81514 0.54541 0.19511
-0.69308 0.69396 0.19511
-0.54437 0.81584 0.19511
-0.37475 0.90636 0.19511
-0.19073 0.96206 0.19511
0.00062 0.98078 0.19511
0 1 0
0.19509 0.98079 0
0.38268 0.92388 0
0.55557 0.83147 0
0.70711 0.70711 0
0.83147 0.55557 0
0.92388 0.38268 0
0.98079 0.19509 0
1 0 0
0.98079 -0.19509 0
0.92388 -0.38268 0
0.83147 -0.55557 0
0.70711 -0.70711 0
0.55557 -0.83147 0
0.38268 -0.92388 0
0.19509 -0.98079 0
0 -1 0
-0.19509 -0.98079 0
-0.38268 -0.92388 0
-0.55557 -0.83147 0
-0.70711 -0.70711 0
-0.83147 -0.55557 0
-0.92388 -0.38268 0
-0.98079 -0.19509 0
-1 0 0
-0.98079 0.19509 0
-0.92388 0.38268 0
-0.83147 0.55557 0
-0.70711 0.70711 0
-0.55557 0.83147 0
-0.38268 0.92388 0
-0.19509 0.98079 0
0 1 0
-0.00062 0.98078 -0.19511
0.19073 0.96206 -0.19511
0.37475 0.90636 -0.19511
0.54437 0.81584 -0.19511
0.69308 0.69396 -0.19511
0.81514 0.54541 -0.19511
0.90588 0.37591 -0.19511
0.96181 0.19195 -0.19511
0.98078 0.00062 -0.19511
0.96206 -0.19073 -0.19511
0.90636 -0.37475 -0.19511
0.81584 -0.54437 -0.19511
0.69396 -0.69308 -0.19511
0.54541 -0.81514 -0.19511
0.37591 -0.90588 -0.19511
0.19195 -0.96181 -0.19511
0.00062 -0.98078 -0.19511
-0.19073 -0.96206 -0.19511
-0.37475 -0.90636 -0.19511
-0.54437 -0.81584 -0.19511
-0.69308 -0.69396 -0.19511
-0.81514 -0.54541 -0.19511
-0.90588 -0.37591 -0.19511
-0.96181 -0.19195 -0.19511
-0.98078 -0.00062 -0.19511
-0.96206 0.19073 -0.19511
-0.90636 0.37475 -0.19511
-0.81584 0.54437 -0.19511
-0.69396 0.69308 -0.19511
-0.54541 0.81514 -0.19511
-0.37591 0.90588 -0.19511
-0.19195 0.96181 -0.19511
-0.00062 0.98078 -0.19511
-0.00123 0.92387 -0.38271
0.17903 0.90635 -0.38271
0.35241 0.85401 -0.38271
0.51225 0.76885 -0.38271
0.6524 0.65414 -0.38271
0.76749 0.51429 -0.38271
0.85307 0.35468 -0.38271
0.90588 0.18144 -0.38271
0.92387 0.00123 -0.38271
0.90635 -0.17903 -0.38271
0.85401 -0.35241 -0.38271
0.76885 -0.51225 -0.38271
0.65414 -0.6524 -0.38271
0.51429 -0.76749 -0.38271
0.35468 -0.85307 -0.38271
0.18144 -0.90588 -0.38271
0.00123 -0.92387 -0.38271
-0.17903 -0.90635 -0.38271
-0.35241 -0.85401 -0.38271
-0.51225 -0.76885 -0.38271
-0.6524 -0.65414 -0.38271
-0.76749 -0.51429 -0.38271
-0.85307 -0.35468 -0.38271
-0.90588 -0.18144 -0.38271
-0.92387 -0.00123 -0.38271
-0.90635 0.17903 -0.38271
-0.85401 0.35241 -0.38271
-0.76885 0.51225 -0.38271
-0.65414 0.6524 -0.38271
-0.51429 0.76749 -0.38271
-0.35468 0.85307 -0.38271
-0.18144 0.90588 -0.38271
-0.00123 0.92387 -0.38271
-0.00178 0.83144 -0.5556
0.16046 0.81582 -0.5556
0.31653 0.76884 -0.5556
0.46044 0.69231 -0.55561
0.58666 0.58918 -0.55561
0.69033 0.46341 -0.55561
0.76747 0.31983 -0.5556
0.81512 0.16396 -0.55561
0.83144 0.00178 -0.5556
0.81582 -0.16046 -0.5556
0.76884 -0.31653 -0.5556
0.69231 -0.46044 -0.55561
0.58918 -0.58666 -0.55561
0.46341 -0.69033 -0.55561
0.31983 -0.76747 -0.5556
0.16396 -0.81512 -0.55561
0.00178 -0.83144 -0.55561
-0.16046 -0.81582 -0.5556
-0.31653 -0.76884 -0.55561
-0.46044 -0.69231 -0.55561
-0.58666 -0.58918 -0.55561
-0.69033 -0.46341 -0.55561
-0.76747 -0.31983 -0.5556
-0.81512 -0.16396 -0.55561
-0.83144 -0.00178 -0.5556
-0.81582 0.16046 -0.5556
-0.76884 0.31653 -0.55561
-0.69231 0.46044 -0.55561
-0.58918 0.58666 -0.55561
-0.46341 0.69033 -0.5556
-0.31983 0.76747 -0.5556
-0.16396 0.81512 -0.5556
-0.00178 0.83144 -0.5556
-0.00227 0.70707 -0.70714
0.13571 0.69393 -0.70714
0.26848 0.65412 -0.70714
0.39094 0.58917 -0.70714
0.49837 0.50158 -0.70714
0.58664 0.39472 -0.70714
0.65238 0.27269 -0.70714
0.69304 0.14017 -0.70714
0.70707 0.00227 -0.70714
0.69393 -0.13571 -0.70714
0.65412 -0.26848 -0.70714
0.58917 -0.39094 -0.70714
0.50158 -0.49837 -0.70714
0.39472 -0.58664 -0.70714
0.27269 -0.65238 -0.70714
0.14017 -0.69304 -0.70714
0.00227 -0.70707 -0.70714
-0.13571 -0.69393 -0.70714
-0.26848 -0.65412 -0.70714
-0.39094 -0.58917 -0.70714
-0.49837 -0.50158 -0.70714
-0.58664 -0.39472 -0.70714
-0.65238 -0.27269 -0.70714
-0.69304 -0.14017 -0.70714
-0.70707 -0.00227 -0.70714
-0.69393 0.13571 -0.70714
-0.65412 0.26848 -0.70714
-0.58917 0.39094 -0.70714
-0.50158 0.49837 -0.70714
-0.39472 0.58664 -0.70714
-0.27269 0.65238 -0.70714
-0.14017 0.69304 -0.70714
-0.00227 0.70707 -0.70714
-0.00268 0.55553 -0.83149
0.10575 0.54538 -0.83149
0.21012 0.51427 -0.83149
0.30641 0.4634 -0.83149
0.39092 0.39472 -0.83149
0.46042 0.31087 -0.83149
0.51222 0.21507 -0.83149
0.54433 0.11101 -0.83149
0.55553 0.00268 -0.83149
0.54538 -0.10575 -0.83149
0.51427 -0.21012 -0.83149
0.4634 -0.30641 -0.83149
0.39472 -0.39092 -0.83149
0.31087 -0.46042 -0.83149
0.21507 -0.51222 -0.83149
0.11101 -0.54433 -0.83149
0.00268 -0.55553 -0.83149
-0.10575 -0.54538 -0.83149
-0.21012 -0.51427 -0.83149
-0.30641 -0.4634 -0.83149
-0.39092 -0.39472 -0.83149
-0.46042 -0.31087 -0.83149
-0.51222 -0.21507 -0.83149
-0.54433 -0.11101 -0.83149
-0.55553 -0.00268 -0.83149
-0.54538 0.10575 -0.83149
-0.51427 0.21012 -0.83149
-0.4634 0.30641 -0.83149
-0.39472 0.39092 -0.83149
-0.31087 0.46042 -0.83149
-0.21507 0.51222 -0.83149
-0.11101 0.54433 -0.83149
-0.00268 0.55553 -0.83149
-0.00298 0.38265 -0.92389
0.07173 0.37588 -0.92389
0.14368 0.35467 -0.92389
0.21011 0.31982 -0.92389
0.26847 0.27268 -0.92389
0.31651 0.21507 -0.92389
0.35238 0.14919 -0.92389
0.37472 0.07758 -0.92389
0.38265 0.00298 -0.92389
0.37588 -0.07173 -0.92389
0.35467 -0.14368 -0.92389
0.31982 -0.21011 -0.92389
0.27268 -0.26847 -0.92389
0.21507 -0.31651 -0.92389
0.14919 -0.35238 -0.92389
0.07758 -0.37472 -0.92389
0.00298 -0.38265 -0.92389
-0.07173 -0.37588 -0.92389
-0.14368 -0.35467 -0.92389
-0.21011 -0.31982 -0.92389
-0.26847 -0.27268 -0.92389
-0.31651 -0.21507 -0.92389
-0.35238 -0.14919 -0.92389
-0.37472 -0.07758 -0.92389
-0.38265 -0.00298 -0.92389
-0.37588 0.07173 -0.92389
-0.35467 0.14368 -0.92389
-0.31982 0.21011 -0.92389
-0.27268 0.26847 -0.92389
-0.21507 0.31651 -0.92389
-0.14919 0.35238 -0.92389
-0.07758 0.37472 -0.92389
-0.00298 0.38265 -0.92389
-0.00574 0.21435 -0.97674
0.03618 0.21135 -0.97674
0.07672 0.20023 -0.97674
0.11431 0.18142 -0.97674
0.14751 0.15563 -0.97674
0.17503 0.12386 -0.97674
0.19583 0.08733 -0.97674
0.20911 0.04745 -0.97674
0.21435 0.00574 -0.97674
0.21135 -0.03618 -0.97674
0.20023 -0.07672 -0.97674
0.18142 -0.11431 -0.97674
0.15563 -0.14751 -0.97674
0.12386 -0.17503 -0.97674
0.08733 -0.19583 -0.97674
0.04745 -0.20911 -0.97674
0.00574 -0.21435 -0.97674
-0.03618 -0.21135 -0.97674
-0.07672 -0.20023 -0.97674
-0.11431 -0.18142 -0.97674
-0.14751 -0.15563 -0.97674
-0.17503 -0.12386 -0.97674
-0.19583 -0.08733 -0.97674
-0.20911 -0.04745 -0.97674
-0.21435 -0.00574 -0.97674
-0.21135 0.03618 -0.97674
-0.20023 0.07672 -0.97674
-0.18142 0.11431 -0.97674
-0.15563 0.14751 -0.97674
-0.12386 0.17503 -0.97674
-0.08733 0.19583 -0.97674
-0.04745 0.20911 -0.97674
-0.00574 0.21435 -0.97674
0 0 -1
0 0 -1
0 0 -1
0 0 -1
0 0 -1
0 0 -1
0 0 -1
0 0 -1
0 0 -1
0 0 -1
0 0 -1
0 0 -1
0 0 -1
0 0 -1
0 0 -1
0 0 -1
0 0 -1
0 0 -1
0 0 -1
0 0 -1
0 0 -1
0 0 -1
0 0 -1
0 0 -1
0 0 -1
0 0 -1
0 0 -1
0 0 -1
0 0 -1
0 0 -1
0 0 -1
0 0 -1

END
