// ccl_exhaust.dat rescaled by a factor of 1.7

NVERTS 17
NFACES 16

VERTEX
-8.500000, 0.00000, 8.50000
-7.852980, 3.25281, 8.50000
-6.010401, 6.01040, 8.50000
-3.252814, 7.85298, 8.50000
-0.000000, 8.50000, 8.50000
 3.252814, 7.85298, 8.50000
 6.010401, 6.01040, 8.50000
 7.852980, 3.25281, 8.50000
 8.500000, 0.00000, 8.50000
 7.852980,-3.25281, 8.50000
 6.010401,-6.01040, 8.50000
 3.252814,-7.85298, 8.50000
 0.000000,-8.50000, 8.50000
-3.252814,-7.85298, 8.50000
-6.010401,-6.01040, 8.50000
-7.852980,-3.25281, 8.50000
-0.000000,-0.00000,-8.50000

FACES
126,127,127,	-0.88060,0.17516,-0.44030,	3,	0,16,1
126,127,127,	-0.74654,0.49882,-0.44030,	3,	1,16,2
126,127,127,	-0.49882,0.74654,-0.44030,	3,	2,16,3
126,127,127,	-0.17516,0.88060,-0.44030,	3,	3,16,4
126,127,127,	0.17516,0.88060,-0.44030,	3,	4,16,5
126,127,127,	0.49882,0.74654,-0.44030,	3,	5,16,6
126,127,127,	0.74654,0.49882,-0.44030,	3,	6,16,7
126,127,127,	0.88060,0.17516,-0.44030,	3,	7,16,8
126,127,127,	0.88060,-0.17516,-0.44030,	3,	8,16,9
126,127,127,	0.74654,-0.49882,-0.44030,	3,	9,16,10
126,127,127,	0.49882,-0.74654,-0.44030,	3,	10,16,11
126,127,127,	0.17516,-0.88060,-0.44030,	3,	11,16,12
126,127,127,	-0.17516,-0.88060,-0.44030,	3,	12,16,13
126,127,127,	-0.49882,-0.74654,-0.44030,	3,	13,16,14
126,127,127,	-0.74654,-0.49882,-0.44030,	3,	14,16,15
126,127,127,	-0.88060,-0.17516,-0.44030,	3,	15,16,0

TEXTURES
lib_ms_exhaust.png	1.0 1.0	0.50419 0.97671	0.50419 0.01271	0.33912 0.96108
lib_ms_exhaust.png	1.0 1.0	0.33912 0.96108	0.50419 0.01271	0.19919 0.91658
lib_ms_exhaust.png	1.0 1.0	0.80919 0.91658	0.50419 0.01271	0.66926 0.96108
lib_ms_exhaust.png	1.0 1.0	0.66926 0.96108	0.50419 0.01271	0.50419 0.97671
lib_ms_exhaust.png	1.0 1.0	0.50419 0.97671	0.50419 0.01271	0.33912 0.96108
lib_ms_exhaust.png	1.0 1.0	0.33912 0.96108	0.50419 0.01271	0.19919 0.91658
lib_ms_exhaust.png	1.0 1.0	0.80919 0.91658	0.50419 0.01271	0.66926 0.96108
lib_ms_exhaust.png	1.0 1.0	0.66926 0.96108	0.50419 0.01271	0.50419 0.97671
lib_ms_exhaust.png	1.0 1.0	0.50419 0.97671	0.50419 0.01271	0.33912 0.96108
lib_ms_exhaust.png	1.0 1.0	0.33912 0.96108	0.50419 0.01271	0.19919 0.91658
lib_ms_exhaust.png	1.0 1.0	0.80919 0.91658	0.50419 0.01271	0.66926 0.96108
lib_ms_exhaust.png	1.0 1.0	0.66926 0.96108	0.50419 0.01271	0.50419 0.97671
lib_ms_exhaust.png	1.0 1.0	0.50419 0.97671	0.50419 0.01271	0.33912 0.96108
lib_ms_exhaust.png	1.0 1.0	0.33912 0.96108	0.50419 0.01271	0.19919 0.91658
lib_ms_exhaust.png	1.0 1.0	0.80919 0.91658	0.50419 0.01271	0.66926 0.96108
lib_ms_exhaust.png	1.0 1.0	0.66926 0.96108	0.50419 0.01271	0.50419 0.97671

END
