// model size: 25.000 x 25.000 x 25.000
// materials used: ['lib_ms_cube_a.png']
NVERTS 22
NFACES 12

VERTEX
12.5 12.5 -12.5
12.5 12.5 12.5
-12.5 12.5 -12.5
12.5 12.5 -12.5
12.5 -12.5 -12.5
12.5 12.5 12.5
-12.5 12.5 12.5
-12.5 12.5 -12.5
12.5 -12.5 -12.5
12.5 12.5 -12.5
-12.5 12.5 -12.5
-12.5 -12.5 12.5
-12.5 -12.5 -12.5
12.5 -12.5 12.5
-12.5 -12.5 12.5
-12.5 12.5 12.5
-12.5 12.5 12.5
12.5 -12.5 -12.5
-12.5 -12.5 12.5
12.5 -12.5 12.5
-12.5 -12.5 -12.5
-12.5 -12.5 -12.5

FACES
0 0 0	0 0 0	3	0 1 2
0 0 0	0 0 0	3	3 4 5
0 0 0	0 0 0	3	2 1 6
0 0 0	0 0 0	3	7 8 9
0 0 0	0 0 0	3	10 11 12
0 0 0	0 0 0	3	5 4 13
0 0 0	0 0 0	3	5 14 15
0 0 0	0 0 0	3	16 11 10
0 0 0	0 0 0	3	17 18 19
0 0 0	0 0 0	3	20 8 7
0 0 0	0 0 0	3	21 18 17
0 0 0	0 0 0	3	13 14 5

TEXTURES
0	1.0 1.0	0.33333 0	0.33333 0.33333	0.66667 0
0	1.0 1.0	0 0.66667	0 1	0.33333 0.66667
0	1.0 1.0	0.66667 0	0.33333 0.33333	0.66667 0.33333
0	1.0 1.0	0.66667 0.66667	1 1	1 0.66667
0	1.0 1.0	0.33333 0.33333	0 0.66667	0.33333 0.66667
0	1.0 1.0	0.33333 0.66667	0 1	0.33333 1
0	1.0 1.0	0.33333 0.66667	0.66667 1	0.66667 0.66667
0	1.0 1.0	0 0.33333	0 0.66667	0.33333 0.33333
0	1.0 1.0	0.33333 0	0 0.33333	0.33333 0.33333
0	1.0 1.0	0.66667 1	1 1	0.66667 0.66667
0	1.0 1.0	0 0	0 0.33333	0.33333 0
0	1.0 1.0	0.33333 1	0.66667 1	0.33333 0.66667

NAMES 1
lib_ms_cube_a.png

NORMALS
0.57735 0.57735 -0.57735
0.57735 0.57735 0.57735
-0.57735 0.57735 -0.57735
0.57735 0.57735 -0.57735
0.57735 -0.57735 -0.57735
0.57735 0.57735 0.57735
-0.57735 0.57735 0.57735
-0.57735 0.57735 -0.57735
0.57735 -0.57735 -0.57735
0.57735 0.57735 -0.57735
-0.57735 0.57735 -0.57735
-0.57735 -0.57735 0.57735
-0.57735 -0.57735 -0.57735
0.57735 -0.57735 0.57735
-0.57735 -0.57735 0.57735
-0.57735 0.57735 0.57735
-0.57735 0.57735 0.57735
0.57735 -0.57735 -0.57735
-0.57735 -0.57735 0.57735
0.57735 -0.57735 0.57735
-0.57735 -0.57735 -0.57735
-0.57735 -0.57735 -0.57735

END
