// model size: 10.0 x 10.0 x 0.04
// textures used: ['lib_null.png']

NVERTS 8
NFACES 4

VERTEX
10.0, -10.0, 0.02
10.0, 10.0, 0.02
-10.0, 10.0, 0.02
-10.0, -10.0, 0.02
10.0, -10.0, -0.02
10.0, 10.0, -0.02
-10.0, 10.0, -0.02
-10.0, -10.0, -0.02

FACES
127,127,127, -0.00000,-0.00000,-1.00000, 3, 0,2,3
127,127,127, -0.00000,-0.00000,-1.00000, 3, 1,2,0
127,127,127, 0.00000,0.00000,1.00000, 3, 4,6,7
127,127,127, 0.00000,0.00000,1.00000, 3, 5,6,4

TEXTURES
lib_null.png 1.0 1.0 1.00000 1.00000 0.00000 0.00000 0.00000 1.00000
lib_null.png 1.0 1.0 1.00000 0.00000 0.00000 0.00000 1.00000 1.00000
lib_null.png 1.0 1.0 1.00000 1.00000 0.00000 0.00000 0.00000 1.00000
lib_null.png 1.0 1.0 1.00000 0.00000 0.00000 0.00000 1.00000 1.00000

END
