// model size: 121.000 x 121.000 x 3.630
// materials used: ['lib_null.png']
NVERTS 16
NFACES 8

VERTEX
60.5 -60.5 1.815
60.5 -60.5 -1.815
-60.5 -60.5 1.815
60.5 60.5 1.815
60.5 -60.5 -1.815
60.5 -60.5 1.815
60.5 60.5 1.815
-60.5 60.5 -1.815
60.5 60.5 -1.815
-60.5 60.5 1.815
-60.5 -60.5 -1.815
-60.5 -60.5 1.815
-60.5 60.5 -1.815
-60.5 60.5 1.815
60.5 60.5 -1.815
-60.5 -60.5 -1.815

FACES
0 0 0	0 0 0	3	0 1 2
0 0 0	0 0 0	3	3 4 5
0 0 0	0 0 0	3	6 7 8
0 0 0	0 0 0	3	9 7 6
0 0 0	0 0 0	3	2 1 10
0 0 0	0 0 0	3	11 12 13
0 0 0	0 0 0	3	14 4 3
0 0 0	0 0 0	3	15 12 11

TEXTURES
0	1.0 1.0	0.99487 0.0656	0.99487 0.06282	0.90242 0.0656
0	1.0 1.0	0.95003 0.01798	0.94726 0.11044	0.95003 0.11044
0	1.0 1.0	0.90242 0.0656	0.99487 0.06282	0.90242 0.06282
0	1.0 1.0	0.99487 0.0656	0.99487 0.06282	0.90242 0.0656
0	1.0 1.0	0.90242 0.0656	0.99487 0.06282	0.90242 0.06282
0	1.0 1.0	0.94726 0.11044	0.95003 0.01798	0.94726 0.01798
0	1.0 1.0	0.94726 0.01798	0.94726 0.11044	0.95003 0.01798
0	1.0 1.0	0.95003 0.11044	0.95003 0.01798	0.94726 0.11044

NAMES 1
lib_null.png

NORMALS
0.70711 -0.70711 0
0.70711 -0.70711 0
-0.70711 -0.70711 0
0.70711 0.70711 0
0.70711 -0.70711 0
0.70711 -0.70711 0
0.70711 0.70711 0
-0.70711 0.70711 0
0.70711 0.70711 0
-0.70711 0.70711 0
-0.70711 -0.70711 0
-0.70711 -0.70711 0
-0.70711 0.70711 0
-0.70711 0.70711 0
0.70711 0.70711 0
-0.70711 -0.70711 0

END
