// model size: 2.000 x 2.000 x 2.000
// materials used: ['lib_overlay.png']
NVERTS 8
NFACES 12

VERTEX
1 -1 -1
-1 -1 -1
1 -1 1
1 1 -1
-1 -1 1
1 1 1
-1 1 1
-1 1 -1

FACES
0 0 0	0 0 0	3	0 1 2
0 0 0	0 0 0	3	0 3 1
0 0 0	0 0 0	3	2 1 4
0 0 0	0 0 0	3	2 3 0
0 0 0	0 0 0	3	2 5 3
0 0 0	0 0 0	3	2 6 5
0 0 0	0 0 0	3	4 6 2
0 0 0	0 0 0	3	1 6 4
0 0 0	0 0 0	3	1 7 6
0 0 0	0 0 0	3	3 7 1
0 0 0	0 0 0	3	5 6 3
0 0 0	0 0 0	3	6 7 3

TEXTURES
0	1.0 1.0	1 0	0 0	1 1
0	1.0 1.0	1 1	1 0	0 1
0	1.0 1.0	1 1	0 0	0 1
0	1.0 1.0	1 1	0 0	0 1
0	1.0 1.0	1 1	1 0	0 0
0	1.0 1.0	0 1	1 0	0 0
0	1.0 1.0	1 1	1 0	0 1
0	1.0 1.0	1 1	0 0	0 1
0	1.0 1.0	1 1	1 0	0 0
0	1.0 1.0	1 0	0 0	0 1
0	1.0 1.0	0 1	1 1	0 0
0	1.0 1.0	1 1	1 0	0 0

NAMES 1
lib_overlay.png

NORMALS
0.57735 -0.57735 -0.57735
-0.57735 -0.57735 -0.57735
0.57735 -0.57735 0.57735
0.57735 0.57735 -0.57735
-0.57735 -0.57735 0.57735
0.57735 0.57735 0.57735
-0.57735 0.57735 0.57735
-0.57735 0.57735 -0.57735

END
